0.000 0.000 0.000 0.125 0.269 0.500 0.667 0.692 1.000 1.000
0.000 0.111 0.250 0.238 0.542 0.250 0.714 0.733 0.857 1.000
0.000 0.000 0.100 0.111 0.154 0.500 0.500 0.647 0.933 0.958
0.500 0.250 0.400 0.353 0.320 0.714 0.500 0.917 0.900 0.909
0.000 0.167 0.000 0.300 0.318 0.500 0.500 0.647 1.000 0.955
0.000 0.000 0.333 0.400 0.455 0.333 0.625 0.636 1.000 0.964
0.333 0.000 0.000 0.211 0.455 0.000 0.250 0.778 0.895 1.000
0.000 0.000 0.062 0.133 0.192 0.250 0.429 0.615 0.895 0.800
0.143 0.000 0.056 0.167 0.261 0.667 0.600 0.643 0.842 1.000
0.000 0.250 0.154 0.231 0.407 0.200 0.800 0.545 0.533 0.793
