0.410 0.333 0.000 0.333 0.426 0.589 0.857 1.000 0.889 0.951
0.076 0.100 0.333 0.111 0.323 0.677 0.800 1.000 0.889 1.000
0.314 0.000 0.333 0.300 0.085 0.861 0.900 0.667 0.909 0.969
0.169 0.000 0.000 0.333 0.365 0.557 0.750 0.500 1.000 0.894
0.092 0.100 0.500 0.250 0.167 0.419 0.375 0.000 0.917 0.879
0.148 0.182 0.667 0.222 0.400 0.671 0.667 1.000 1.000 0.952
0.180 0.286 0.000 0.250 0.339 0.377 0.700 1.000 0.667 0.906
0.397 0.600 0.333 0.556 0.400 0.823 0.778 1.000 1.000 0.922
0.042 0.000 0.000 0.182 0.388 0.615 1.000 1.000 1.000 1.000
0.157 0.300 0.333 0.400 0.274 0.492 0.500 1.000 0.857 0.982
0.135 0.667 1.000 0.333 0.754 0.695 0.778 0.000 0.875 0.939
0.197 0.111 0.333 0.000 0.227 0.529 0.800 0.500 0.875 0.917
0.213 0.273 0.000 0.111 0.300 0.750 0.667 1.000 0.889 0.971
0.323 0.100 0.000 0.500 0.435 0.709 1.000 0.667 1.000 0.969
0.065 0.375 0.000 0.429 0.542 0.544 0.545 0.500 0.857 0.983
0.065 0.273 0.667 0.000 0.210 0.424 0.778 0.500 0.714 0.958
0.045 0.250 0.500 0.333 0.368 0.464 0.750 0.667 0.900 0.985
0.315 0.250 0.500 0.714 0.525 0.714 0.778 1.000 0.667 0.964
0.204 0.100 0.500 0.333 0.500 0.645 0.700 0.667 1.000 0.983
0.255 0.333 0.000 0.500 0.612 0.519 0.571 0.000 0.714 0.946
0.231 0.400 0.333 0.000 0.481 0.345 0.625 0.000 0.714 0.983
0.200 0.111 0.000 0.083 0.257 0.716 0.556 0.667 1.000 0.986
0.141 0.000 0.000 0.000 0.130 0.551 0.400 1.000 0.778 0.933
