0.143 0.167 0.000 0.333 0.174 0.667 0.800 0.727 1.000 1.000
0.000 0.429 0.182 0.429 0.435 0.333 0.750 0.857 0.857 1.000
0.000 0.000 0.167 0.111 0.133 0.000 0.600 1.000 0.875 0.947
0.250 0.250 0.417 0.267 0.353 0.667 0.333 0.857 0.846 0.867
0.000 0.000 0.143 0.273 0.400 0.500 0.857 0.889 0.923 1.000
0.000 0.125 0.375 0.300 0.636 0.250 0.500 0.667 1.000 1.000
0.200 0.000 0.000 0.273 0.391 0.375 0.500 0.545 0.818 0.864
0.000 0.429 0.200 0.071 0.278 0.800 0.600 0.636 1.000 0.944
0.167 0.167 0.000 0.083 0.320 0.500 1.000 0.875 0.778 1.000
0.000 0.000 0.214 0.385 0.211 0.500 0.167 0.700 0.778 0.846
