0.127 0.190 0.116 0.339 0.306 0.458 0.596 0.821 0.938 0.982
0.067 0.067 0.182 0.250 0.245 0.308 0.588 0.731 0.816 0.964
0.143 0.000 0.077 0.119 0.246 0.692 0.706 0.700 0.909 0.982
0.250 0.286 0.238 0.378 0.356 0.500 0.632 0.846 0.947 0.983
0.000 0.176 0.111 0.275 0.338 0.286 0.600 0.640 0.973 0.964
0.100 0.000 0.120 0.357 0.407 0.455 0.688 0.704 0.950 0.983
0.205 0.233 0.179 0.372 0.558 0.513 0.471 0.700 0.873 0.955
0.080 0.200 0.054 0.091 0.323 0.255 0.364 0.457 0.770 0.935
0.400 0.188 0.080 0.158 0.340 0.667 0.611 0.692 0.884 1.000
0.083 0.263 0.200 0.306 0.411 0.273 0.588 0.696 0.697 0.857
0.039 0.050 0.308 0.389 0.591 0.750 0.900 0.750 0.895 0.980
0.103 0.333 0.222 0.105 0.614 0.405 0.588 0.833 1.000 0.956
0.065 0.050 0.067 0.235 0.222 0.365 0.600 1.000 0.947 0.979
0.103 0.118 0.267 0.300 0.400 0.419 0.350 0.500 0.833 0.977
0.089 0.200 0.444 0.190 0.340 0.408 0.562 0.882 0.842 1.000
0.077 0.136 0.067 0.087 0.184 0.596 0.818 0.786 0.905 0.978
0.104 0.167 0.273 0.190 0.277 0.447 0.400 0.533 0.905 0.976
0.410 0.333 0.000 0.333 0.426 0.589 0.857 1.000 0.889 0.951
0.076 0.100 0.333 0.111 0.323 0.677 0.800 1.000 0.889 1.000
0.314 0.000 0.333 0.300 0.085 0.861 0.900 0.667 0.909 0.969
0.169 0.000 0.000 0.333 0.365 0.557 0.750 0.500 1.000 0.894
0.092 0.100 0.500 0.250 0.167 0.419 0.375 0.000 0.917 0.879
0.148 0.182 0.667 0.222 0.400 0.671 0.667 1.000 1.000 0.952
0.180 0.286 0.000 0.250 0.339 0.377 0.700 1.000 0.667 0.906
0.397 0.600 0.333 0.556 0.400 0.823 0.778 1.000 1.000 0.922
0.042 0.000 0.000 0.182 0.388 0.615 1.000 1.000 1.000 1.000
0.242 0.667 0.733 0.619 0.705 0.617 0.882 1.000 0.815 0.915
0.197 0.111 0.333 0.000 0.227 0.529 0.800 0.500 0.875 0.917
0.213 0.273 0.000 0.111 0.300 0.750 0.667 1.000 0.889 0.971
0.323 0.100 0.000 0.500 0.435 0.709 1.000 0.667 1.000 0.969
0.065 0.375 0.000 0.429 0.542 0.544 0.545 0.500 0.857 0.983
0.065 0.273 0.667 0.000 0.210 0.424 0.778 0.500 0.714 0.958
0.045 0.250 0.500 0.333 0.368 0.464 0.750 0.667 0.900 0.985
0.315 0.250 0.500 0.714 0.525 0.714 0.778 1.000 0.667 0.964
0.204 0.100 0.500 0.333 0.500 0.645 0.700 0.667 1.000 0.983
0.255 0.333 0.000 0.500 0.612 0.519 0.571 0.000 0.714 0.946
0.231 0.400 0.333 0.000 0.481 0.345 0.625 0.000 0.714 0.983
0.200 0.111 0.000 0.083 0.257 0.716 0.556 0.667 1.000 0.986
0.141 0.000 0.000 0.000 0.130 0.551 0.400 1.000 0.778 0.933
