0.000 0.143 0.000 0.409 0.455 0.200 0.857 0.875 1.000 0.963
0.143 0.286 0.125 0.429 0.320 0.333 0.571 0.778 0.818 1.000
0.500 0.000 0.071 0.182 0.269 0.600 0.800 0.778 1.000 1.000
0.143 0.222 0.286 0.471 0.560 0.250 0.857 1.000 1.000 1.000
0.000 0.200 0.133 0.308 0.480 0.333 0.750 0.625 0.882 1.000
0.250 0.111 0.222 0.500 0.654 0.333 0.500 0.700 1.000 1.000
0.143 0.200 0.167 0.333 0.538 0.400 0.375 0.667 0.875 0.842
0.000 0.500 0.143 0.053 0.261 0.429 0.429 0.444 0.895 0.964
0.333 0.125 0.000 0.150 0.440 0.167 0.833 0.778 0.882 1.000
0.250 0.286 0.167 0.353 0.500 0.167 0.222 0.714 0.733 0.875
