0.559 0.667 0.500 0.750 0.522 0.667 1.000 1.000 0.500 0.931
0.042 0.000 0.000 0.250 0.385 0.727 0.600 1.000 1.000 1.000
0.276 0.000 0.000 0.286 0.133 0.931 1.000 0.000 1.000 0.931
0.091 0.000 0.000 0.500 0.323 0.586 1.000 0.000 1.000 0.967
0.080 0.000 1.000 0.200 0.214 0.517 0.250 0.000 1.000 0.897
0.310 1.000 0.500 1.000 0.486 0.667 1.000 0.000 1.000 0.929
0.176 0.000 0.000 0.400 0.241 0.391 0.750 0.333 0.500 0.964
0.429 0.750 1.000 1.000 0.179 0.844 1.000 1.000 1.000 0.897
0.032 0.000 0.000 0.000 0.333 0.618 1.000 1.000 1.000 1.000
0.241 0.500 0.000 0.400 0.231 0.583 1.000 1.000 1.000 0.958
0.385 0.333 1.000 0.000 0.808 0.607 1.000 1.000 0.857 1.000
0.387 0.000 1.000 0.000 0.273 0.480 0.800 0.000 0.857 0.933
0.256 0.000 0.000 0.333 0.286 0.833 0.250 1.000 1.000 1.000
0.320 0.000 1.000 0.333 0.361 0.696 1.000 0.500 1.000 0.967
0.065 0.600 1.000 1.000 0.677 0.632 0.600 0.000 1.000 0.968
0.125 0.250 1.000 0.000 0.152 0.458 1.000 0.000 0.667 1.000
0.080 0.250 0.500 0.667 0.429 0.515 0.600 0.500 0.800 1.000
0.323 0.800 1.000 1.000 0.514 0.808 1.000 0.000 1.000 0.964
0.333 0.000 0.000 0.333 0.280 0.579 0.333 1.000 1.000 0.885
0.240 0.167 0.000 0.250 0.417 0.591 0.833 1.000 0.667 0.966
0.150 0.000 0.000 0.250 0.560 0.361 0.500 0.000 1.000 0.967
0.182 0.000 0.000 0.200 0.276 0.710 0.000 1.000 1.000 1.000
0.083 0.000 1.000 0.000 0.280 0.636 0.667 0.000 0.833 0.929
