0.062 0.095 0.000 0.314 0.284 0.400 0.667 0.706 0.962 0.973
0.062 0.182 0.182 0.275 0.303 0.312 0.619 0.758 0.827 0.974
0.133 0.000 0.094 0.118 0.224 0.600 0.682 0.735 0.904 0.974
0.250 0.273 0.303 0.346 0.355 0.562 0.591 0.848 0.922 0.959
0.000 0.136 0.118 0.275 0.347 0.312 0.682 0.706 0.960 0.973
0.062 0.045 0.182 0.346 0.474 0.400 0.636 0.697 0.962 0.986
0.200 0.143 0.062 0.240 0.425 0.214 0.409 0.618 0.846 0.915
0.000 0.364 0.067 0.059 0.208 0.375 0.381 0.529 0.808 0.921
0.312 0.182 0.062 0.140 0.333 0.625 0.682 0.735 0.865 1.000
0.067 0.217 0.206 0.327 0.360 0.333 0.478 0.697 0.725 0.853
