0.111 0.111 0.000 0.385 0.154 0.500 0.400 0.615 0.882 0.963
0.000 0.167 0.231 0.188 0.074 0.333 0.571 0.778 0.800 0.931
0.000 0.000 0.125 0.091 0.250 0.750 0.667 0.875 0.765 0.970
0.200 0.400 0.222 0.222 0.192 0.600 0.429 0.600 0.867 0.967
0.000 0.091 0.200 0.222 0.250 0.200 0.833 0.889 1.000 0.960
0.000 0.000 0.000 0.190 0.321 0.667 0.750 0.750 0.895 1.000
0.000 0.143 0.083 0.154 0.280 0.200 0.500 0.462 0.765 0.889
0.000 0.500 0.000 0.000 0.174 0.400 0.286 0.500 0.571 0.964
0.500 0.250 0.333 0.111 0.296 1.000 0.667 0.818 0.875 1.000
0.000 0.125 0.333 0.368 0.167 0.750 0.556 0.875 0.857 0.909
