0.305 0.125 0.250 0.259 0.293 0.698 0.833 0.812 0.960 0.981
0.000 0.429 0.182 0.429 0.435 0.333 0.750 0.857 0.857 1.000
0.000 0.000 0.167 0.111 0.133 0.000 0.600 1.000 0.875 0.947
0.250 0.250 0.417 0.267 0.353 0.667 0.333 0.857 0.846 0.867
0.000 0.000 0.143 0.273 0.400 0.500 0.857 0.889 0.923 1.000
0.000 0.125 0.375 0.300 0.636 0.250 0.500 0.667 1.000 1.000
0.355 0.235 0.455 0.364 0.548 0.649 0.643 0.682 0.864 0.894
0.179 0.389 0.083 0.143 0.390 0.545 0.846 0.625 0.941 0.933
0.167 0.167 0.000 0.083 0.320 0.500 1.000 0.875 0.778 1.000
0.000 0.000 0.214 0.385 0.211 0.500 0.167 0.700 0.778 0.846
0.000 0.333 0.600 0.571 0.368 0.846 1.000 1.000 1.000 0.923
0.083 0.100 0.444 0.571 0.526 0.550 0.778 0.833 1.000 0.947
0.111 0.167 0.000 0.111 0.300 0.636 0.667 0.667 1.000 1.000
0.240 0.375 0.333 0.167 0.429 0.579 0.833 1.000 1.000 1.000
0.000 0.333 0.222 0.800 0.062 0.714 0.900 1.000 1.000 0.923
0.273 0.000 1.000 0.250 0.312 0.722 0.800 1.000 1.000 1.000
0.214 0.250 0.200 0.333 0.176 0.786 1.000 0.500 1.000 0.952
0.625 0.667 0.333 1.000 0.516 0.793 1.000 1.000 0.500 1.000
0.111 0.000 1.000 0.500 0.250 0.789 0.500 0.000 1.000 1.000
0.133 0.200 1.000 0.000 0.133 0.846 1.000 0.000 1.000 0.810
0.111 0.500 1.000 0.333 0.190 0.708 1.000 0.000 0.000 1.000
0.250 0.000 0.000 0.000 0.160 0.667 0.500 0.667 0.000 0.778
0.238 0.000 1.000 0.667 0.160 0.600 0.833 1.000 1.000 0.762
0.320 0.000 0.000 0.500 0.200 0.633 1.000 0.000 1.000 0.895
0.607 1.000 1.000 0.667 0.160 0.917 1.000 0.000 1.000 1.000
0.273 0.000 0.000 1.000 0.176 0.700 1.000 0.000 1.000 1.000
0.621 0.368 0.714 0.579 0.636 0.642 0.833 0.700 1.000 0.938
0.458 0.333 1.000 0.000 0.158 0.875 0.500 1.000 0.750 0.840
0.240 1.000 1.000 0.667 0.267 0.864 0.000 0.000 0.667 0.941
0.318 0.000 1.000 0.000 0.375 0.655 0.800 0.000 1.000 0.950
0.000 0.500 1.000 0.800 0.444 0.423 0.000 0.000 1.000 1.000
0.217 0.000 1.000 0.000 0.208 0.765 1.000 1.000 1.000 0.929
0.118 0.250 0.000 0.000 0.235 0.733 0.750 0.000 1.000 0.875
0.469 0.875 0.000 0.800 0.630 0.773 1.000 1.000 1.000 0.931
0.276 0.500 0.000 0.333 0.483 0.565 0.500 0.000 1.000 0.840
0.364 0.200 1.000 0.167 0.469 0.700 0.857 1.000 0.833 0.931
0.238 0.000 1.000 0.800 0.406 0.467 0.750 1.000 1.000 0.929
0.095 0.000 0.000 1.000 0.062 0.727 0.500 0.000 1.000 1.000
0.136 0.000 0.000 0.000 0.375 0.667 1.000 1.000 1.000 0.923
