0.400 0.000 0.667 0.200 0.538 0.667 0.857 1.000 0.889 0.938
0.208 0.364 0.000 0.286 0.478 0.471 1.000 0.600 0.875 0.926
0.385 0.333 0.625 0.545 0.737 0.724 0.700 0.818 0.909 0.920
0.000 0.333 0.600 0.571 0.368 0.846 1.000 1.000 1.000 0.923
0.083 0.100 0.444 0.571 0.526 0.550 0.778 0.833 1.000 0.947
0.111 0.167 0.000 0.111 0.300 0.636 0.667 0.667 1.000 1.000
0.240 0.375 0.333 0.167 0.429 0.579 0.833 1.000 1.000 1.000
0.000 0.333 0.222 0.800 0.062 0.714 0.900 1.000 1.000 0.923
0.273 0.000 1.000 0.250 0.312 0.722 0.800 1.000 1.000 1.000
0.214 0.250 0.200 0.333 0.176 0.786 1.000 0.500 1.000 0.952
