0.417 0.500 0.000 0.400 0.656 0.586 1.000 1.000 1.000 1.000
0.148 0.000 1.000 0.250 0.385 0.577 1.000 0.000 0.800 1.000
0.406 0.250 1.000 0.250 0.190 0.821 1.000 1.000 0.833 0.967
0.194 0.200 0.000 0.500 0.407 0.593 1.000 0.000 1.000 0.969
0.081 0.000 1.000 0.250 0.219 0.379 0.500 0.667 1.000 0.889
0.077 0.286 1.000 0.500 0.346 0.607 0.750 1.000 1.000 0.960
0.120 0.167 1.000 0.000 0.379 0.500 0.600 0.000 1.000 0.889
0.500 0.000 1.000 0.000 0.440 0.783 0.875 0.000 1.000 0.963
0.111 0.000 1.000 0.400 0.450 0.667 1.000 0.000 1.000 1.000
0.259 0.250 1.000 0.500 0.400 0.565 0.333 1.000 0.875 1.000
0.061 0.333 1.000 1.000 0.862 0.733 0.500 0.000 1.000 0.963
0.214 0.400 0.000 0.000 0.323 0.645 0.500 0.000 0.500 0.885
0.133 0.500 1.000 1.000 0.348 0.793 1.000 1.000 0.750 0.971
0.444 0.000 1.000 0.333 0.667 0.656 0.857 0.000 1.000 0.963
0.000 0.333 0.333 0.250 0.500 0.514 0.667 0.000 0.833 1.000
0.079 0.400 1.000 0.000 0.273 0.533 0.833 1.000 1.000 0.960
0.120 0.500 0.000 0.167 0.405 0.560 1.000 1.000 1.000 0.960
0.483 0.333 0.000 0.800 0.600 0.600 0.667 1.000 0.667 0.931
0.294 0.333 1.000 0.333 0.586 0.652 0.800 0.000 1.000 0.964
0.360 0.333 1.000 0.500 0.708 0.615 0.500 0.000 1.000 0.968
0.281 0.400 1.000 0.000 0.382 0.364 0.800 1.000 0.833 1.000
0.214 0.000 0.000 0.000 0.318 0.743 0.750 1.000 1.000 1.000
0.161 0.000 1.000 0.000 0.241 0.560 0.333 1.000 0.800 0.964
