0.407 0.250 0.000 0.333 0.200 0.724 0.667 0.000 0.667 0.969
0.061 0.143 1.000 0.000 0.176 0.800 0.800 1.000 1.000 1.000
0.125 0.000 0.000 0.000 0.000 0.821 0.857 0.500 1.000 0.889
0.152 0.000 0.000 0.250 0.231 0.621 0.333 0.500 1.000 0.762
0.261 0.333 0.333 0.000 0.040 0.571 0.500 0.000 0.750 0.811
0.111 0.000 1.000 0.000 0.045 0.700 0.667 1.000 1.000 0.833
0.370 0.250 0.000 0.500 0.269 0.500 1.000 0.000 0.714 0.857
0.440 0.667 0.000 0.500 0.375 0.903 0.500 1.000 1.000 0.966
0.080 0.000 0.000 0.000 0.174 0.636 1.000 0.000 1.000 1.000
0.111 0.250 0.000 0.200 0.179 0.500 0.600 1.000 0.000 1.000
0.385 0.667 1.000 0.500 0.467 0.692 0.667 1.000 1.000 0.935
0.192 0.000 0.000 0.000 0.062 0.633 1.000 0.667 1.000 0.862
0.294 0.500 0.000 0.000 0.259 0.727 0.800 0.000 0.833 0.938
0.219 0.200 0.000 0.333 0.217 0.724 1.000 1.000 1.000 0.964
0.080 0.250 1.000 0.500 0.364 0.414 0.250 0.500 1.000 1.000
0.130 0.000 0.500 0.000 0.226 0.483 0.667 0.500 1.000 0.900
0.000 0.000 1.000 0.000 0.185 0.607 0.667 0.000 1.000 0.926
0.308 0.750 1.000 0.500 0.577 0.765 1.000 1.000 0.800 0.964
0.071 0.200 0.500 0.333 0.581 0.667 0.750 0.000 1.000 0.968
0.300 0.500 0.000 0.250 0.545 0.556 1.000 0.000 0.750 0.880
0.235 0.500 1.000 0.667 0.440 0.444 0.667 1.000 0.500 0.939
0.120 0.200 0.000 0.000 0.114 0.684 0.500 0.000 1.000 0.971
0.161 0.000 0.000 0.000 0.032 0.500 0.667 1.000 1.000 0.900
