0.000 0.067 0.000 0.306 0.333 0.333 0.625 0.696 0.951 0.969
0.067 0.067 0.182 0.250 0.245 0.308 0.588 0.731 0.816 0.964
0.143 0.000 0.077 0.119 0.246 0.692 0.706 0.700 0.909 0.982
0.250 0.286 0.238 0.378 0.356 0.500 0.632 0.846 0.947 0.983
0.000 0.176 0.111 0.275 0.338 0.286 0.600 0.640 0.973 0.964
0.100 0.000 0.120 0.357 0.407 0.455 0.688 0.704 0.950 0.983
0.200 0.188 0.069 0.214 0.440 0.000 0.389 0.652 0.854 0.939
0.000 0.333 0.040 0.054 0.185 0.182 0.312 0.478 0.767 0.914
0.400 0.188 0.080 0.158 0.340 0.667 0.611 0.692 0.884 1.000
0.083 0.263 0.200 0.306 0.411 0.273 0.588 0.696 0.697 0.857
