0.119 0.235 0.308 0.375 0.319 0.444 0.632 1.000 0.941 1.000
0.105 0.067 0.000 0.167 0.513 0.273 0.412 0.417 0.778 0.971
0.206 0.286 0.500 0.667 0.689 0.606 0.562 0.857 0.929 0.974
0.039 0.050 0.308 0.389 0.591 0.750 0.900 0.750 0.895 0.980
0.103 0.333 0.222 0.105 0.614 0.405 0.588 0.833 1.000 0.956
0.065 0.050 0.067 0.235 0.222 0.365 0.600 1.000 0.947 0.979
0.103 0.118 0.267 0.300 0.400 0.419 0.350 0.500 0.833 0.977
0.089 0.200 0.444 0.190 0.340 0.408 0.562 0.882 0.842 1.000
0.077 0.136 0.067 0.087 0.184 0.596 0.818 0.786 0.905 0.978
0.104 0.167 0.273 0.190 0.277 0.447 0.400 0.533 0.905 0.976
