0.471 0.500 0.250 0.500 0.459 0.659 0.917 1.000 0.818 0.965
0.083 0.083 0.333 0.182 0.302 0.702 0.750 1.000 0.917 1.000
0.282 0.083 0.333 0.250 0.093 0.859 0.917 0.667 0.917 0.930
0.151 0.083 0.000 0.333 0.321 0.600 0.833 0.333 1.000 0.916
0.129 0.083 0.333 0.167 0.165 0.488 0.417 0.667 0.917 0.857
0.171 0.167 0.667 0.333 0.329 0.659 0.750 1.000 1.000 0.904
0.221 0.167 0.000 0.333 0.298 0.470 0.750 0.333 0.750 0.904
0.465 0.667 0.333 0.583 0.329 0.849 0.833 1.000 1.000 0.941
0.072 0.000 0.000 0.182 0.345 0.635 1.000 0.667 1.000 1.000
0.205 0.333 0.333 0.333 0.274 0.553 0.500 1.000 0.917 0.988
0.259 0.500 1.000 0.364 0.706 0.679 0.818 1.000 0.917 0.965
0.271 0.167 0.333 0.000 0.212 0.593 0.750 0.667 0.833 0.894
0.221 0.333 0.000 0.250 0.294 0.779 0.667 1.000 0.833 0.965
0.321 0.091 0.333 0.333 0.419 0.690 0.909 0.667 1.000 0.965
0.047 0.417 0.333 0.583 0.512 0.506 0.500 0.333 0.917 0.988
0.106 0.250 0.667 0.000 0.209 0.494 0.818 0.667 0.833 0.953
0.060 0.250 0.333 0.250 0.341 0.558 0.750 0.667 0.917 0.964
0.372 0.667 0.333 0.750 0.558 0.729 0.833 1.000 0.750 0.953
0.229 0.167 0.333 0.333 0.494 0.624 0.667 0.667 1.000 0.941
0.300 0.273 0.000 0.300 0.556 0.583 0.714 1.000 0.769 0.941
0.233 0.333 0.333 0.333 0.452 0.388 0.667 1.000 0.833 0.965
0.174 0.083 0.000 0.083 0.221 0.718 0.545 0.667 1.000 0.988
0.140 0.000 0.000 0.000 0.176 0.571 0.500 1.000 0.833 0.930
