3.333333333333333148e-01 2.500000000000000000e-01 0.000000000000000000e+00 0.000000000000000000e+00 2.999999999999999889e-01 5.000000000000000000e-01 1.000000000000000000e+00 1.000000000000000000e+00 8.333333333333333703e-01 1.000000000000000000e+00
3.333333333333333148e-01 4.000000000000000222e-01 2.857142857142856984e-01 3.750000000000000000e-01 4.545454545454545303e-01 5.000000000000000000e-01 1.000000000000000000e+00 7.500000000000000000e-01 1.000000000000000000e+00 9.411764705882352811e-01
4.000000000000000222e-01 2.000000000000000111e-01 7.142857142857142461e-02 5.555555555555555802e-01 3.703703703703703498e-01 1.428571428571428492e-01 5.999999999999999778e-01 6.923076923076922906e-01 8.750000000000000000e-01 9.285714285714286031e-01
4.285714285714285476e-01 8.333333333333332871e-02 2.500000000000000000e-01 5.000000000000000000e-01 2.592592592592592449e-01 5.000000000000000000e-01 6.250000000000000000e-01 4.545454545454545303e-01 8.461538461538461453e-01 9.166666666666666297e-01
0.000000000000000000e+00 9.090909090909091161e-02 2.000000000000000111e-01 3.611111111111111049e-01 5.283018867924528239e-01 3.333333333333333148e-01 5.999999999999999778e-01 6.666666666666666297e-01 8.928571428571429047e-01 9.772727272727272929e-01
0.000000000000000000e+00 1.000000000000000000e+00 5.000000000000000000e-01 5.000000000000000000e-01 3.888888888888888951e-01 6.666666666666666297e-01 1.000000000000000000e+00 1.000000000000000000e+00 8.750000000000000000e-01 1.000000000000000000e+00
0.000000000000000000e+00 1.000000000000000000e+00 2.500000000000000000e-01 3.750000000000000000e-01 5.000000000000000000e-01 2.000000000000000111e-01 6.666666666666666297e-01 1.000000000000000000e+00 1.000000000000000000e+00 8.181818181818182323e-01
0.000000000000000000e+00 0.000000000000000000e+00 6.250000000000000000e-02 2.941176470588235392e-01 4.210526315789473450e-01 2.000000000000000111e-01 3.333333333333333148e-01 8.888888888888888395e-01 1.000000000000000000e+00 1.000000000000000000e+00
0.000000000000000000e+00 1.176470588235294101e-01 1.428571428571428492e-01 3.200000000000000067e-01 5.909090909090909394e-01 3.333333333333333148e-01 4.210526315789473450e-01 8.000000000000000444e-01 1.000000000000000000e+00 1.000000000000000000e+00
1.250000000000000000e-01 1.538461538461538547e-01 4.347826086956521618e-02 1.666666666666666574e-01 5.000000000000000000e-01 2.000000000000000111e-01 6.923076923076922906e-01 7.199999999999999734e-01 8.928571428571429047e-01 1.000000000000000000e+00
