0.000000000000000000e+00 0.000000000000000000e+00 0.000000000000000000e+00 2.500000000000000000e-01 2.500000000000000000e-01 0.000000000000000000e+00 5.000000000000000000e-01 1.000000000000000000e+00 1.000000000000000000e+00 7.500000000000000000e-01
0.000000000000000000e+00 0.000000000000000000e+00 1.666666666666666574e-01 0.000000000000000000e+00 4.444444444444444198e-01 3.333333333333333148e-01 5.000000000000000000e-01 7.142857142857143016e-01 1.000000000000000000e+00 1.000000000000000000e+00
1.250000000000000000e-01 0.000000000000000000e+00 5.000000000000000000e-01 4.444444444444444198e-01 3.750000000000000000e-01 5.000000000000000000e-01 8.000000000000000444e-01 6.666666666666666297e-01 1.000000000000000000e+00 9.473684210526315264e-01
0.000000000000000000e+00 1.111111111111111049e-01 1.428571428571428492e-01 3.750000000000000000e-01 2.399999999999999911e-01 5.000000000000000000e-01 5.714285714285713969e-01 7.647058823529411242e-01 8.235294117647058432e-01 9.583333333333333703e-01
0.000000000000000000e+00 1.818181818181818232e-01 2.307692307692307820e-01 3.461538461538461453e-01 3.181818181818181768e-01 7.500000000000000000e-01 5.000000000000000000e-01 9.090909090909090606e-01 8.823529411764705621e-01 9.062500000000000000e-01
1.000000000000000000e+00 4.000000000000000222e-01 0.000000000000000000e+00 2.500000000000000000e-01 2.500000000000000000e-01 0.000000000000000000e+00 0.000000000000000000e+00 6.666666666666666297e-01 8.333333333333333703e-01 9.000000000000000222e-01
4.000000000000000222e-01 0.000000000000000000e+00 5.000000000000000000e-01 2.500000000000000000e-01 5.000000000000000000e-01 3.333333333333333148e-01 7.500000000000000000e-01 1.000000000000000000e+00 1.000000000000000000e+00 8.000000000000000444e-01
0.000000000000000000e+00 1.666666666666666574e-01 2.222222222222222099e-01 0.000000000000000000e+00 2.631578947368420907e-01 6.666666666666666297e-01 7.500000000000000000e-01 5.555555555555555802e-01 9.090909090909090606e-01 1.000000000000000000e+00
0.000000000000000000e+00 3.333333333333333148e-01 1.666666666666666574e-01 1.875000000000000000e-01 3.888888888888888951e-01 5.000000000000000000e-01 8.750000000000000000e-01 8.750000000000000000e-01 9.090909090909090606e-01 9.285714285714286031e-01
0.000000000000000000e+00 3.636363636363636465e-01 2.000000000000000111e-01 1.923076923076923184e-01 3.947368421052631637e-01 2.857142857142856984e-01 4.285714285714285476e-01 6.250000000000000000e-01 7.894736842105263275e-01 1.000000000000000000e+00
