3.218390804597701105e-01 3.333333333333333148e-01 5.294117647058823595e-01 4.772727272727272929e-01 5.297619047619047672e-01 7.696969696969696573e-01 8.085106382978722861e-01 1.000000000000000000e+00 9.444444444444444198e-01 9.944751381215469754e-01
2.558139534883721034e-01 5.000000000000000000e-01 3.846153846153846367e-01 3.125000000000000000e-01 5.319148936170212671e-01 6.250000000000000000e-01 9.230769230769231282e-01 8.571428571428570953e-01 1.000000000000000000e+00 9.756097560975609539e-01
1.666666666666666574e-01 1.428571428571428492e-01 1.818181818181818232e-01 4.347826086956521618e-01 4.130434782608695676e-01 5.000000000000000000e-01 3.750000000000000000e-01 8.571428571428570953e-01 8.888888888888888395e-01 9.743589743589743390e-01
1.315789473684210453e-01 2.500000000000000000e-01 0.000000000000000000e+00 3.928571428571428492e-01 5.000000000000000000e-01 3.636363636363636465e-01 4.117647058823529216e-01 7.333333333333332815e-01 9.000000000000000222e-01 9.491525423728813804e-01
1.314553990610328738e-01 6.976744186046511531e-02 1.176470588235294101e-01 2.407407407407407274e-01 3.431372549019607865e-01 3.791208791208791062e-01 4.909090909090909061e-01 6.486486486486486847e-01 8.235294117647058432e-01 9.516908212560386549e-01
3.152173913043478382e-01 3.720930232558139483e-01 5.416666666666666297e-01 5.588235294117647189e-01 5.734597156398104634e-01 8.342245989304812870e-01 9.000000000000000222e-01 1.000000000000000000e+00 1.000000000000000000e+00 9.644670050761421365e-01
2.285714285714285643e-01 4.000000000000000222e-01 5.454545454545454142e-01 3.333333333333333148e-01 6.851851851851852304e-01 7.391304347826086474e-01 8.823529411764705621e-01 8.571428571428570953e-01 9.444444444444444198e-01 9.848484848484848619e-01
1.176470588235294101e-01 3.571428571428571508e-01 1.818181818181818232e-01 5.263157894736841813e-01 6.857142857142857206e-01 3.333333333333333148e-01 7.142857142857143016e-01 8.181818181818182323e-01 1.000000000000000000e+00 1.000000000000000000e+00
6.060606060606060774e-02 1.052631578947368363e-01 7.142857142857142461e-02 1.600000000000000033e-01 5.135135135135134865e-01 3.888888888888888951e-01 5.500000000000000444e-01 6.666666666666666297e-01 1.000000000000000000e+00 9.855072463768116409e-01
1.256281407035175768e-01 1.315789473684210453e-01 1.071428571428571369e-01 2.266666666666666552e-01 3.485477178423236344e-01 3.413173652694611038e-01 5.714285714285713969e-01 6.363636363636363535e-01 8.395061728395061262e-01 9.649122807017543879e-01
