1.832460732984293184e-01 1.904761904761904656e-01 2.391304347826087029e-01 1.894736842105263219e-01 3.388625592417061627e-01 5.456674473067916198e-01 7.234042553191489811e-01 8.653846153846154188e-01 8.433734939759036653e-01 9.610705596107056436e-01
1.222222222222222182e-01 8.695652173913043237e-02 2.105263157894736725e-01 2.391304347826087029e-01 3.981481481481481399e-01 6.133333333333332860e-01 6.190476190476190688e-01 7.407407407407406996e-01 9.599999999999999645e-01 9.464285714285713969e-01
1.428571428571428492e-01 1.250000000000000000e-01 3.846153846153846367e-02 2.142857142857142738e-01 3.522727272727272929e-01 5.000000000000000000e-01 6.666666666666666297e-01 7.307692307692307265e-01 8.333333333333333703e-01 9.873417721518987777e-01
1.300000000000000044e-01 2.500000000000000000e-01 1.304347826086956486e-01 3.538461538461538658e-01 3.933333333333333126e-01 5.625000000000000000e-01 6.136363636363636465e-01 7.450980392156862919e-01 9.124999999999999778e-01 9.436619718309858795e-01
1.508951406649616245e-01 2.162162162162162282e-01 1.744186046511627952e-01 2.733333333333333171e-01 3.810526315789473650e-01 5.331564986737400424e-01 6.371681415929203451e-01 7.600000000000000089e-01 8.620689655172413257e-01 9.594594594594594295e-01
1.912568306010928865e-01 2.352941176470588203e-01 1.666666666666666574e-01 2.592592592592592449e-01 3.640897755610972841e-01 6.119402985074626766e-01 6.049382716049382935e-01 6.216216216216216006e-01 8.800000000000000044e-01 9.783132530120481896e-01
1.609195402298850552e-01 1.724137931034482873e-01 2.800000000000000266e-01 2.222222222222222099e-01 3.684210526315789269e-01 5.769230769230768718e-01 4.827586206896551935e-01 6.250000000000000000e-01 9.743589743589743390e-01 9.741379310344827624e-01
1.363636363636363535e-01 1.379310344827586188e-01 1.363636363636363535e-01 2.500000000000000000e-01 3.835616438356164171e-01 5.348837209302325091e-01 6.071428571428570953e-01 7.272727272727272929e-01 7.800000000000000266e-01 9.740259740259740173e-01
1.700000000000000122e-01 9.677419354838709409e-02 1.666666666666666574e-01 2.608695652173912971e-01 3.691275167785235123e-01 4.743589743589743390e-01 5.333333333333333259e-01 7.169811320754716499e-01 9.032258064516128782e-01 9.315068493150684414e-01
1.749347258485639822e-01 1.826923076923076816e-01 2.289156626506023973e-01 2.777777777777777901e-01 3.600782778864970446e-01 5.496535796766743864e-01 6.428571428571429047e-01 6.617647058823529216e-01 8.917197452229299603e-01 9.457700650759218730e-01
