2.031872509960159501e-01 1.886792452830188815e-01 2.121212121212121271e-01 3.076923076923077094e-01 3.689655172413793260e-01 5.872420262664165280e-01 7.217391304347826608e-01 7.530864197530864335e-01 9.411764705882352811e-01 9.583333333333333703e-01
1.833333333333333204e-01 2.820512820512820484e-01 3.939393939393939226e-01 2.826086956521738913e-01 3.805970149253731227e-01 6.456692913385826404e-01 5.999999999999999778e-01 7.333333333333332815e-01 8.360655737704918433e-01 9.724137931034482207e-01
1.355932203389830504e-01 7.407407407407406996e-02 2.093023255813953598e-01 3.382352941176470784e-01 2.233009708737864196e-01 6.029411764705882026e-01 5.806451612903226200e-01 7.435897435897436125e-01 8.499999999999999778e-01 9.646017699115043698e-01
1.851851851851851749e-01 1.636363636363636354e-01 1.000000000000000056e-01 2.429906542056074759e-01 3.989637305699481606e-01 5.074626865671642006e-01 5.686274509803921351e-01 6.666666666666666297e-01 8.484848484848485084e-01 9.651741293532338783e-01
2.112932604735883457e-01 2.481751824817518270e-01 1.584158415841584178e-01 3.099999999999999978e-01 3.665086887835702911e-01 6.302816901408451189e-01 6.705202312138728304e-01 7.256637168141593097e-01 9.054054054054053724e-01 9.440459110473458093e-01
2.013888888888888951e-01 2.521008403361344463e-01 3.541666666666666852e-01 2.605042016806722871e-01 3.476702508960573534e-01 6.464088397790055396e-01 7.327586206896551380e-01 8.070175438596490780e-01 8.898305084745762317e-01 9.518518518518518379e-01
1.735537190082644676e-01 2.195121951219512202e-01 3.636363636363636465e-01 2.745098039215686514e-01 4.248366013071895320e-01 5.181818181818181879e-01 7.692307692307692735e-01 7.096774193548387455e-01 9.014084507042253724e-01 9.499999999999999556e-01
1.304347826086956486e-01 3.076923076923077094e-01 2.000000000000000111e-01 3.269230769230769273e-01 3.760683760683760646e-01 5.283018867924528239e-01 6.428571428571429047e-01 8.055555555555555802e-01 8.904109589041095951e-01 9.473684210526315264e-01
1.570247933884297564e-01 1.199999999999999956e-01 1.343283582089552231e-01 2.625000000000000111e-01 3.598130841121495171e-01 4.765625000000000000e-01 6.718750000000000000e-01 7.636363636363636687e-01 8.735632183908046411e-01 9.545454545454545858e-01
2.205882352941176405e-01 1.913580246913580141e-01 1.801801801801801717e-01 2.418604651162790664e-01 3.553370786516854007e-01 5.447619047619047805e-01 6.285714285714285587e-01 7.064220183486238369e-01 8.983957219251337278e-01 9.472140762463343577e-01
