2.084130019120458976e-01 1.916666666666666796e-01 2.459016393442622905e-01 2.121212121212121271e-01 3.381294964028777050e-01 5.843694493783303523e-01 7.213114754098360892e-01 8.684210526315789824e-01 8.608695652173913304e-01 9.608938547486033377e-01
1.769230769230769329e-01 8.823529411764706454e-02 1.538461538461538547e-01 2.241379310344827624e-01 3.868613138686131658e-01 6.330275229357797961e-01 5.999999999999999778e-01 7.878787878787878451e-01 9.672131147540983243e-01 9.367088607594936667e-01
1.690140845070422504e-01 1.764705882352941291e-01 2.162162162162162282e-01 2.000000000000000111e-01 3.360000000000000209e-01 5.400000000000000355e-01 6.153846153846154188e-01 7.647058823529411242e-01 8.571428571428570953e-01 9.711538461538461453e-01
1.608391608391608329e-01 3.061224489795918435e-01 1.052631578947368363e-01 3.707865168539326017e-01 3.599999999999999867e-01 6.181818181818181657e-01 6.603773584905660021e-01 7.313432835820895539e-01 9.019607843137255054e-01 9.255319148936169693e-01
2.000000000000000111e-01 2.448979591836734637e-01 2.072072072072072002e-01 2.975609756097560843e-01 3.748169838945827337e-01 5.698324022346368256e-01 6.809815950920244942e-01 7.476635514018691309e-01 8.911917098445595320e-01 9.520348837209302584e-01
2.076923076923077038e-01 2.195121951219512202e-01 1.400000000000000133e-01 3.090909090909090828e-01 3.758865248226950229e-01 6.420863309352518034e-01 6.666666666666666297e-01 6.800000000000000488e-01 9.057971014492753881e-01 9.683098591549296197e-01
1.864406779661016977e-01 2.380952380952380820e-01 3.214285714285714524e-01 2.692307692307692180e-01 3.529411764705882582e-01 5.701754385964912242e-01 6.097560975609755962e-01 6.785714285714286031e-01 9.649122807017543879e-01 9.754601226993865337e-01
1.754385964912280604e-01 1.904761904761904656e-01 1.935483870967741882e-01 2.586206896551724310e-01 3.714285714285714413e-01 6.166666666666666963e-01 6.571428571428571397e-01 6.896551724137931494e-01 8.125000000000000000e-01 9.473684210526315264e-01
1.756756756756756854e-01 1.000000000000000056e-01 2.258064516129032195e-01 2.580645161290322509e-01 3.724489795918367596e-01 4.774774774774774855e-01 5.862068965517240882e-01 7.285714285714285365e-01 9.058823529411764719e-01 9.275362318840579823e-01
2.148288973384030465e-01 2.222222222222222099e-01 2.419354838709677491e-01 3.095238095238095344e-01 3.559077809798271153e-01 5.768566493955095131e-01 6.962962962962963021e-01 6.764705882352941568e-01 8.786407766990291801e-01 9.439393939393939670e-01
