1.984435797665369539e-01 2.053571428571428492e-01 1.864406779661016977e-01 3.053435114503816883e-01 3.829787234042553168e-01 6.165803108808289856e-01 6.407766990291262621e-01 8.870967741935483764e-01 8.559999999999999831e-01 9.477477477477477263e-01
1.596638655462184753e-01 2.285714285714285643e-01 2.800000000000000266e-01 1.636363636363636354e-01 3.432835820895522305e-01 6.311475409836065920e-01 5.000000000000000000e-01 7.249999999999999778e-01 9.183673469387755306e-01 9.675324675324675772e-01
1.578947368421052544e-01 2.258064516129032195e-01 1.176470588235294101e-01 2.500000000000000000e-01 2.815533980582524132e-01 4.615384615384615641e-01 7.333333333333332815e-01 7.948717948717948234e-01 8.593750000000000000e-01 9.743589743589743390e-01
2.362204724409448786e-01 1.578947368421052544e-01 1.714285714285714302e-01 2.207792207792207695e-01 2.941176470588235392e-01 5.476190476190476719e-01 6.833333333333333481e-01 7.358490566037735325e-01 8.837209302325581550e-01 9.441340782122904507e-01
1.895093062605752998e-01 2.395209580838323360e-01 2.087912087912087988e-01 3.494623655913978721e-01 3.618421052631579093e-01 5.619389587073608805e-01 6.909090909090909172e-01 7.368421052631578538e-01 9.173913043478261198e-01 9.456681350954478926e-01
2.236842105263157909e-01 2.475247524752475226e-01 2.881355932203389925e-01 2.926829268292682751e-01 3.801369863013698835e-01 5.971943887775551518e-01 7.247706422018348471e-01 7.462686567164179552e-01 9.218750000000000000e-01 9.614740368509212542e-01
2.283464566929133965e-01 2.195121951219512202e-01 2.500000000000000000e-01 2.804878048780488076e-01 3.857142857142857317e-01 6.090909090909091272e-01 7.037037037037037202e-01 5.200000000000000178e-01 8.518518518518518601e-01 9.436619718309858795e-01
1.639344262295081844e-01 2.413793103448275967e-01 1.538461538461538547e-01 2.708333333333333148e-01 2.916666666666666852e-01 5.223880597014924909e-01 5.200000000000000178e-01 6.562500000000000000e-01 8.800000000000000044e-01 9.599999999999999645e-01
1.832061068702290074e-01 2.777777777777777901e-01 2.131147540983606425e-01 2.873563218390804419e-01 3.900000000000000133e-01 5.178571428571429047e-01 6.557377049180327377e-01 7.878787878787878451e-01 8.681318681318681563e-01 9.705882352941176405e-01
1.936685288640595803e-01 1.418918918918918859e-01 2.136752136752136655e-01 2.570093457943924964e-01 3.670360110803324027e-01 6.141592920353982077e-01 6.800000000000000488e-01 6.701030927835051054e-01 8.950000000000000178e-01 9.447077409162717432e-01
