0.000000000000000000e+00 0.000000000000000000e+00 5.000000000000000000e-01 5.000000000000000000e-01 3.571428571428571508e-01 0.000000000000000000e+00 1.000000000000000000e+00 8.571428571428570953e-01 8.750000000000000000e-01 1.000000000000000000e+00
5.000000000000000000e-01 1.428571428571428492e-01 4.285714285714285476e-01 1.428571428571428492e-01 6.250000000000000000e-01 4.444444444444444198e-01 1.000000000000000000e+00 1.000000000000000000e+00 8.750000000000000000e-01 1.000000000000000000e+00
0.000000000000000000e+00 0.000000000000000000e+00 5.882352941176470507e-02 3.333333333333333148e-01 3.333333333333333148e-01 6.666666666666666297e-01 4.000000000000000222e-01 7.692307692307692735e-01 8.571428571428570953e-01 9.583333333333333703e-01
0.000000000000000000e+00 1.111111111111111049e-01 1.250000000000000000e-01 4.736842105263157632e-01 5.483870967741935054e-01 3.571428571428571508e-01 5.000000000000000000e-01 6.999999999999999556e-01 9.499999999999999556e-01 1.000000000000000000e+00
3.333333333333333148e-01 2.307692307692307820e-01 1.481481481481481399e-01 3.488372093023255904e-01 5.999999999999999778e-01 1.428571428571428492e-01 6.999999999999999556e-01 7.619047619047618625e-01 9.333333333333333481e-01 9.545454545454545858e-01
0.000000000000000000e+00 6.666666666666666297e-01 0.000000000000000000e+00 1.428571428571428492e-01 4.000000000000000222e-01 5.000000000000000000e-01 6.666666666666666297e-01 4.444444444444444198e-01 8.181818181818182323e-01 1.000000000000000000e+00
0.000000000000000000e+00 0.000000000000000000e+00 5.000000000000000000e-01 1.666666666666666574e-01 3.913043478260869734e-01 2.500000000000000000e-01 1.000000000000000000e+00 6.666666666666666297e-01 1.000000000000000000e+00 1.000000000000000000e+00
0.000000000000000000e+00 4.545454545454545303e-01 0.000000000000000000e+00 2.727272727272727071e-01 4.615384615384615641e-01 4.000000000000000222e-01 5.999999999999999778e-01 8.750000000000000000e-01 8.888888888888888395e-01 8.333333333333333703e-01
2.000000000000000111e-01 0.000000000000000000e+00 0.000000000000000000e+00 5.384615384615384359e-01 3.030303030303030387e-01 3.333333333333333148e-01 5.000000000000000000e-01 7.500000000000000000e-01 8.947368421052631637e-01 9.756097560975609539e-01
2.500000000000000000e-01 7.142857142857142461e-02 1.304347826086956486e-01 1.935483870967741882e-01 3.965517241379310498e-01 0.000000000000000000e+00 5.714285714285713969e-01 6.363636363636363535e-01 9.285714285714286031e-01 9.791666666666666297e-01
