0.000000000000000000e+00 3.076923076923077094e-01 4.000000000000000222e-01 3.913043478260869734e-01 3.793103448275861878e-01 5.999999999999999778e-01 6.666666666666666297e-01 1.000000000000000000e+00 9.444444444444444198e-01 9.499999999999999556e-01
0.000000000000000000e+00 2.000000000000000111e-01 2.631578947368420907e-01 2.272727272727272652e-01 4.000000000000000222e-01 3.750000000000000000e-01 8.750000000000000000e-01 9.523809523809523281e-01 9.411764705882352811e-01 1.000000000000000000e+00
1.111111111111111049e-01 2.000000000000000111e-01 5.555555555555555247e-02 2.727272727272727071e-01 3.469387755102040782e-01 4.000000000000000222e-01 4.500000000000000111e-01 8.846153846153845812e-01 9.333333333333333481e-01 9.672131147540983243e-01
3.076923076923077094e-01 7.692307692307692735e-02 0.000000000000000000e+00 2.272727272727272652e-01 3.703703703703703498e-01 5.000000000000000000e-01 4.705882352941176405e-01 6.250000000000000000e-01 9.090909090909090606e-01 9.516129032258064946e-01
0.000000000000000000e+00 4.347826086956521618e-02 6.521739130434782428e-02 1.718750000000000000e-01 2.820512820512820484e-01 2.500000000000000000e-01 5.416666666666666297e-01 5.319148936170212671e-01 8.051948051948052409e-01 9.677419354838709964e-01
5.000000000000000000e-01 1.000000000000000000e+00 2.857142857142856984e-01 3.333333333333333148e-01 5.000000000000000000e-01 6.666666666666666297e-01 8.333333333333333703e-01 1.000000000000000000e+00 1.000000000000000000e+00 1.000000000000000000e+00
6.666666666666666297e-01 4.000000000000000222e-01 3.333333333333333148e-01 3.125000000000000000e-01 3.750000000000000000e-01 6.666666666666666297e-01 7.692307692307692735e-01 1.000000000000000000e+00 1.000000000000000000e+00 1.000000000000000000e+00
2.500000000000000000e-01 1.818181818181818232e-01 1.000000000000000056e-01 4.814814814814814548e-01 4.081632653061224580e-01 3.636363636363636465e-01 5.789473684210526550e-01 8.666666666666666963e-01 1.000000000000000000e+00 9.756097560975609539e-01
1.052631578947368363e-01 1.071428571428571369e-01 1.142857142857142821e-01 1.639344262295081844e-01 3.292682926829268442e-01 5.000000000000000000e-01 5.200000000000000178e-01 6.363636363636363535e-01 9.272727272727272485e-01 9.870129870129870087e-01
7.894736842105262720e-02 9.375000000000000000e-02 3.773584905660377214e-02 2.183908045977011603e-01 2.460317460317460181e-01 1.176470588235294101e-01 5.483870967741935054e-01 5.423728813559322015e-01 7.835051546391752497e-01 9.015151515151514916e-01
