1.111111111111111049e-01 0.000000000000000000e+00 3.750000000000000000e-01 3.478260869565217295e-01 2.432432432432432567e-01 0.000000000000000000e+00 7.142857142857143016e-01 6.842105263157894912e-01 8.750000000000000000e-01 9.523809523809523281e-01
2.222222222222222099e-01 1.538461538461538547e-01 2.500000000000000000e-01 2.380952380952380820e-01 4.222222222222222210e-01 4.166666666666666852e-01 6.666666666666666297e-01 7.368421052631578538e-01 8.620689655172413257e-01 1.000000000000000000e+00
7.142857142857142461e-02 1.176470588235294101e-01 1.212121212121212155e-01 2.888888888888888618e-01 1.499999999999999944e-01 6.999999999999999556e-01 5.000000000000000000e-01 7.307692307692307265e-01 8.000000000000000444e-01 9.480519480519480346e-01
4.545454545454545581e-02 9.090909090909091161e-02 6.060606060606060774e-02 2.564102564102563875e-01 4.044943820224718989e-01 4.285714285714285476e-01 4.285714285714285476e-01 6.578947368421053099e-01 8.472222222222222099e-01 9.587628865979381798e-01
2.500000000000000000e-01 2.340425531914893664e-01 8.333333333333332871e-02 2.978723404255319007e-01 3.519999999999999796e-01 3.750000000000000000e-01 5.964912280701754055e-01 7.042253521126760063e-01 9.333333333333333481e-01 9.424460431654676507e-01
0.000000000000000000e+00 2.222222222222222099e-01 0.000000000000000000e+00 1.578947368421052544e-01 3.809523809523809312e-01 4.444444444444444198e-01 7.500000000000000000e-01 7.368421052631578538e-01 8.333333333333333703e-01 9.615384615384615641e-01
1.250000000000000000e-01 1.250000000000000000e-01 4.615384615384615641e-01 1.153846153846153910e-01 2.962962962962962798e-01 5.333333333333333259e-01 7.272727272727272929e-01 7.333333333333332815e-01 9.310344827586206629e-01 1.000000000000000000e+00
8.695652173913043237e-02 3.181818181818181768e-01 2.272727272727272652e-01 3.181818181818181768e-01 4.328358208955223607e-01 2.727272727272727071e-01 7.500000000000000000e-01 7.600000000000000089e-01 8.653846153846154188e-01 9.245283018867924696e-01
9.090909090909091161e-02 9.090909090909091161e-02 9.090909090909091161e-02 2.727272727272727071e-01 2.884615384615384359e-01 4.444444444444444198e-01 5.151515151515151381e-01 7.500000000000000000e-01 8.524590163934425702e-01 9.405940594059405413e-01
9.090909090909091161e-02 1.395348837209302306e-01 7.692307692307692735e-02 1.456310679611650394e-01 3.310344827586206851e-01 3.478260869565217295e-01 5.151515151515151381e-01 6.470588235294117974e-01 8.877551020408163129e-01 9.539473684210526550e-01
