2.172351885098743329e-01 2.187500000000000000e-01 3.026315789473684181e-01 3.333333333333333148e-01 3.655172413793103536e-01 6.011904761904761640e-01 7.339449541284404077e-01 7.407407407407406996e-01 8.960000000000000187e-01 9.505494505494505031e-01
2.113821138211382233e-01 1.764705882352941291e-01 1.851851851851851749e-01 2.000000000000000111e-01 4.326241134751773187e-01 5.405405405405405705e-01 5.500000000000000444e-01 5.714285714285713969e-01 7.857142857142856984e-01 9.533333333333333659e-01
1.400000000000000133e-01 1.351351351351351426e-01 2.258064516129032195e-01 2.622950819672131284e-01 3.301886792452830011e-01 6.086956521739130821e-01 7.352941176470588758e-01 7.500000000000000000e-01 8.769230769230769162e-01 9.479166666666666297e-01
1.793103448275862044e-01 2.600000000000000089e-01 2.000000000000000111e-01 2.705882352941176294e-01 3.487179487179487003e-01 5.049504950495049549e-01 6.612903225806451291e-01 6.727272727272727293e-01 9.285714285714286031e-01 9.178082191780821963e-01
1.912568306010928865e-01 2.265625000000000000e-01 2.268041237113402053e-01 2.979797979797979557e-01 3.226788432267884144e-01 5.958904109589041598e-01 6.792452830188678847e-01 7.339449541284404077e-01 9.145728643216080034e-01 9.557142857142857384e-01
1.880650994575045198e-01 2.051282051282051211e-01 2.467532467532467522e-01 3.693693693693693714e-01 3.945945945945946165e-01 6.048237476808905333e-01 6.460176991150442527e-01 7.924528301886792914e-01 8.785714285714285587e-01 9.596330275229357776e-01
3.055555555555555802e-01 1.428571428571428492e-01 2.162162162162162282e-01 2.941176470588235392e-01 3.680555555555555802e-01 5.299145299145299193e-01 6.896551724137931494e-01 7.692307692307692735e-01 8.813559322033898136e-01 9.870129870129870087e-01
7.272727272727272374e-02 2.812500000000000000e-01 7.499999999999999722e-02 1.666666666666666574e-01 4.414414414414414289e-01 5.200000000000000178e-01 7.500000000000000000e-01 7.777777777777777901e-01 8.043478260869565410e-01 9.391304347826087140e-01
1.230769230769230838e-01 2.542372881355932090e-01 1.666666666666666574e-01 3.300000000000000155e-01 3.317535545023696519e-01 6.153846153846154188e-01 6.136363636363636465e-01 7.536231884057971175e-01 9.195402298850574585e-01 9.489795918367347483e-01
2.205323193916349789e-01 1.959459459459459429e-01 1.609195402298850552e-01 2.232142857142857262e-01 3.611510791366906448e-01 5.979020979020979176e-01 6.394557823129252139e-01 7.500000000000000000e-01 9.009900990099010132e-01 9.518796992481203256e-01
