2.303370786516854007e-01 1.153846153846153910e-01 1.875000000000000000e-01 3.409090909090908839e-01 3.841807909604519899e-01 6.505376344086021279e-01 7.555555555555555358e-01 7.777777777777777901e-01 8.837209302325581550e-01 9.513513513513514042e-01
1.333333333333333315e-01 2.000000000000000111e-01 3.076923076923077094e-01 2.307692307692307820e-01 3.870967741935483764e-01 5.555555555555555802e-01 4.444444444444444198e-01 1.000000000000000000e+00 8.750000000000000000e-01 9.591836734693877098e-01
2.000000000000000111e-01 0.000000000000000000e+00 0.000000000000000000e+00 3.333333333333333148e-01 4.411764705882352811e-01 4.375000000000000000e-01 7.142857142857143016e-01 8.235294117647058432e-01 8.823529411764705621e-01 9.428571428571428381e-01
1.799999999999999933e-01 4.000000000000000083e-02 4.545454545454545581e-02 2.195121951219512202e-01 3.207547169811320598e-01 5.909090909090909394e-01 8.095238095238095344e-01 6.999999999999999556e-01 9.230769230769231282e-01 9.677419354838709964e-01
1.808510638297872453e-01 2.000000000000000111e-01 8.571428571428571508e-02 2.835820895522387919e-01 3.225806451612903136e-01 5.477386934673367236e-01 5.227272727272727071e-01 7.222222222222222099e-01 8.522727272727272929e-01 9.406779661016949623e-01
2.352941176470588203e-01 2.631578947368420907e-01 3.499999999999999778e-01 3.030303030303030387e-01 3.823529411764705621e-01 6.683673469387755306e-01 8.648648648648649129e-01 8.148148148148147696e-01 9.111111111111110938e-01 9.655172413793103869e-01
3.030303030303030387e-01 2.000000000000000111e-01 2.500000000000000000e-01 3.684210526315789269e-01 3.400000000000000244e-01 5.000000000000000000e-01 5.714285714285713969e-01 1.000000000000000000e+00 9.090909090909090606e-01 9.245283018867924696e-01
3.333333333333333148e-01 2.857142857142856984e-01 2.222222222222222099e-01 2.307692307692307820e-01 3.783783783783783994e-01 5.000000000000000000e-01 6.470588235294117974e-01 5.999999999999999778e-01 8.888888888888888395e-01 9.696969696969697239e-01
1.320754716981132060e-01 3.333333333333333148e-01 1.764705882352941291e-01 2.068965517241379282e-01 3.809523809523809312e-01 4.615384615384615641e-01 8.333333333333333703e-01 7.391304347826086474e-01 9.666666666666666741e-01 9.473684210526315264e-01
1.988304093567251352e-01 1.372549019607843257e-01 1.428571428571428492e-01 2.500000000000000000e-01 3.617021276595744905e-01 5.297297297297297591e-01 6.415094339622641195e-01 6.111111111111111605e-01 9.117647058823529216e-01 9.633507853403141530e-01
