2.323943661971830943e-01 1.333333333333333315e-01 2.727272727272727071e-01 5.312500000000000000e-01 3.333333333333333148e-01 7.202797202797203147e-01 7.931034482758620996e-01 8.571428571428570953e-01 9.696969696969697239e-01 9.187499999999999556e-01
1.851851851851851749e-01 2.500000000000000000e-01 4.000000000000000222e-01 1.875000000000000000e-01 4.722222222222222099e-01 6.764705882352941568e-01 7.500000000000000000e-01 6.999999999999999556e-01 8.235294117647058432e-01 9.069767441860464574e-01
4.705882352941176405e-01 4.000000000000000222e-01 2.500000000000000000e-01 3.076923076923077094e-01 4.838709677419354982e-01 6.842105263157894912e-01 1.000000000000000000e+00 6.666666666666666297e-01 1.000000000000000000e+00 9.545454545454545858e-01
2.790697674418604612e-01 1.333333333333333315e-01 2.727272727272727071e-01 4.242424242424242542e-01 3.035714285714285476e-01 5.937500000000000000e-01 9.000000000000000222e-01 6.999999999999999556e-01 1.000000000000000000e+00 9.682539682539682557e-01
3.121019108280254639e-01 2.631578947368420907e-01 2.500000000000000000e-01 3.529411764705882582e-01 3.270440251572326873e-01 6.089743589743589203e-01 7.750000000000000222e-01 9.117647058823529216e-01 8.852459016393442459e-01 9.248554913294797508e-01
3.624161073825503121e-01 3.571428571428571508e-01 2.999999999999999889e-01 3.611111111111111049e-01 3.459119496855345699e-01 6.714285714285713746e-01 8.214285714285713969e-01 6.428571428571429047e-01 9.375000000000000000e-01 9.150326797385620603e-01
3.529411764705882582e-01 2.857142857142856984e-01 3.636363636363636465e-01 2.105263157894736725e-01 4.390243902439024404e-01 4.230769230769230727e-01 6.666666666666666297e-01 9.000000000000000222e-01 1.000000000000000000e+00 9.111111111111110938e-01
3.888888888888888951e-01 3.529411764705882582e-01 1.111111111111111049e-01 5.882352941176470507e-02 3.846153846153846367e-01 6.999999999999999556e-01 6.923076923076922906e-01 1.000000000000000000e+00 8.750000000000000000e-01 1.000000000000000000e+00
2.075471698113207641e-01 1.428571428571428492e-01 1.818181818181818232e-01 1.333333333333333315e-01 4.375000000000000000e-01 8.378378378378378288e-01 5.789473684210526550e-01 6.250000000000000000e-01 9.285714285714286031e-01 9.629629629629629095e-01
2.012195121951219634e-01 3.400000000000000244e-01 3.333333333333333148e-01 3.818181818181818343e-01 3.207547169811320598e-01 7.218543046357616122e-01 8.125000000000000000e-01 6.944444444444444198e-01 9.024390243902439268e-01 9.532163742690058506e-01
