3.457446808510638570e-01 2.954545454545454697e-01 2.500000000000000000e-01 2.857142857142856984e-01 4.385026737967914201e-01 7.374301675977653625e-01 8.372093023255814392e-01 1.000000000000000000e+00 9.200000000000000400e-01 9.641025641025641191e-01
1.851851851851851749e-01 1.333333333333333315e-01 2.777777777777777901e-01 2.857142857142856984e-01 4.199999999999999845e-01 6.818181818181817677e-01 8.571428571428570953e-01 9.090909090909090606e-01 9.499999999999999556e-01 9.565217391304348116e-01
5.882352941176470507e-02 0.000000000000000000e+00 0.000000000000000000e+00 2.500000000000000000e-01 3.529411764705882582e-01 5.789473684210526550e-01 5.625000000000000000e-01 9.090909090909090606e-01 8.000000000000000444e-01 9.696969696969697239e-01
2.040816326530612290e-01 5.882352941176470507e-02 1.428571428571428492e-01 1.428571428571428492e-01 3.424657534246575152e-01 5.121951219512195230e-01 5.333333333333333259e-01 6.521739130434782705e-01 9.666666666666666741e-01 9.661016949152542166e-01
1.049999999999999961e-01 8.695652173913043237e-02 1.621621621621621712e-01 1.594202898550724501e-01 2.336448598130841103e-01 4.574468085106382920e-01 4.615384615384615641e-01 5.714285714285713969e-01 8.734177215189873333e-01 9.348837209302325313e-01
3.511904761904761640e-01 3.191489361702127825e-01 2.727272727272727071e-01 5.348837209302325091e-01 5.028248587570621764e-01 7.379679144385026257e-01 9.534883720930232842e-01 9.565217391304348116e-01 9.285714285714286031e-01 9.763313609467455523e-01
1.538461538461538547e-01 3.076923076923077094e-01 2.727272727272727071e-01 1.764705882352941291e-01 5.000000000000000000e-01 7.692307692307692735e-01 9.230769230769231282e-01 1.000000000000000000e+00 9.411764705882352811e-01 9.622641509433962348e-01
1.250000000000000000e-01 0.000000000000000000e+00 2.000000000000000111e-01 4.000000000000000222e-01 4.249999999999999889e-01 7.368421052631578538e-01 4.444444444444444198e-01 8.333333333333333703e-01 9.473684210526315264e-01 9.743589743589743390e-01
7.692307692307692735e-02 2.307692307692307820e-01 9.677419354838709409e-02 3.636363636363636465e-01 2.982456140350877027e-01 5.526315789473684736e-01 6.538461538461538547e-01 5.999999999999999778e-01 8.518518518518518601e-01 9.850746268656715987e-01
1.063829787234042562e-01 1.190476190476190410e-01 1.000000000000000056e-01 2.089552238805970075e-01 2.888888888888888618e-01 3.692307692307692513e-01 5.625000000000000000e-01 6.190476190476190688e-01 8.571428571428570953e-01 9.220183486238532344e-01
