1.701030927835051609e-01 2.278481012658227778e-01 2.272727272727272652e-01 3.593750000000000000e-01 3.502304147465437612e-01 5.841836734693877098e-01 7.142857142857143016e-01 6.944444444444444198e-01 8.805970149253731227e-01 9.559164733178654449e-01
1.927710843373494076e-01 2.307692307692307820e-01 1.304347826086956486e-01 3.333333333333333148e-01 4.019607843137255054e-01 5.733333333333333615e-01 5.714285714285713969e-01 8.518518518518518601e-01 8.529411764705882026e-01 9.519230769230768718e-01
1.428571428571428492e-01 2.666666666666666630e-01 2.307692307692307820e-01 2.075471698113207641e-01 3.529411764705882582e-01 4.666666666666666741e-01 6.944444444444444198e-01 5.999999999999999778e-01 8.823529411764705621e-01 9.558823529411765163e-01
1.204819277108433728e-01 1.578947368421052544e-01 1.020408163265306145e-01 1.186440677966101725e-01 3.857142857142857317e-01 5.777777777777777235e-01 4.500000000000000111e-01 7.777777777777777901e-01 9.000000000000000222e-01 9.856115107913668849e-01
1.570048309178743995e-01 1.515151515151515194e-01 2.183908045977011603e-01 2.571428571428571175e-01 3.618843683083511897e-01 5.452380952380951884e-01 6.074766355140186480e-01 6.444444444444444864e-01 8.917197452229299603e-01 9.521072796934866300e-01
1.808510638297872453e-01 1.910112359550561745e-01 3.111111111111111160e-01 2.897196261682242757e-01 3.557692307692307820e-01 5.688775510204081565e-01 6.617647058823529216e-01 6.511627906976744651e-01 8.190476190476190244e-01 9.676549865229110425e-01
1.604938271604938183e-01 6.451612903225806273e-02 6.250000000000000000e-02 3.225806451612903136e-01 2.923076923076923239e-01 4.404761904761904656e-01 6.071428571428570953e-01 5.416666666666666297e-01 9.318181818181817677e-01 9.591836734693877098e-01
1.578947368421052544e-01 1.538461538461538547e-01 1.724137931034482873e-01 2.702702702702702853e-01 4.318181818181818232e-01 4.838709677419354982e-01 6.842105263157894912e-01 6.999999999999999556e-01 8.750000000000000000e-01 9.285714285714286031e-01
2.247191011235954994e-01 2.380952380952380820e-01 1.666666666666666574e-01 3.013698630136986134e-01 3.885350318471337827e-01 5.443037974683544444e-01 7.187500000000000000e-01 8.235294117647058432e-01 9.285714285714286031e-01 9.620253164556962222e-01
1.604938271604938183e-01 1.904761904761904656e-01 1.315789473684210453e-01 2.183908045977011603e-01 3.858093126385809257e-01 5.697399527186761681e-01 5.833333333333333703e-01 8.333333333333333703e-01 8.733333333333332948e-01 9.630390143737166397e-01
