1.925000000000000044e-01 2.162162162162162282e-01 1.739130434782608647e-01 3.118279569892473124e-01 3.718592964824120606e-01 6.088019559902200228e-01 7.317073170731707155e-01 7.368421052631578538e-01 8.857142857142856762e-01 9.527363184079602476e-01
1.666666666666666574e-01 1.875000000000000000e-01 2.500000000000000000e-01 1.714285714285714302e-01 3.238095238095238249e-01 5.256410256410256610e-01 5.600000000000000533e-01 6.956521739130434590e-01 7.954545454545454142e-01 9.572649572649573058e-01
1.142857142857142821e-01 8.000000000000000167e-02 1.250000000000000000e-01 2.888888888888888618e-01 3.908045977011494476e-01 3.488372093023255904e-01 6.470588235294117974e-01 6.999999999999999556e-01 8.823529411764705621e-01 9.431818181818182323e-01
1.958762886597938124e-01 1.707317073170731836e-01 1.739130434782608647e-01 2.142857142857142738e-01 3.359375000000000000e-01 5.490196078431373028e-01 6.818181818181817677e-01 6.744186046511627675e-01 8.750000000000000000e-01 9.172932330827067160e-01
1.237864077669902918e-01 1.333333333333333315e-01 1.428571428571428492e-01 2.700729927007299302e-01 4.045174537987679675e-01 5.076142131979695105e-01 5.221238938053097689e-01 6.867469879518072196e-01 8.658536585365853577e-01 9.696969696969697239e-01
2.005208333333333426e-01 3.292682926829268442e-01 4.324324324324324564e-01 3.466666666666666785e-01 4.009324009324009563e-01 6.648793565683646101e-01 8.131868131868131844e-01 8.888888888888888395e-01 8.878504672897196137e-01 9.499999999999999556e-01
2.368421052631578816e-01 2.857142857142856984e-01 1.578947368421052544e-01 4.318181818181818232e-01 3.858267716535432879e-01 5.116279069767442067e-01 6.153846153846154188e-01 1.000000000000000000e+00 9.459459459459459429e-01 9.473684210526315264e-01
1.891891891891891997e-01 2.307692307692307820e-01 8.695652173913043237e-02 2.272727272727272652e-01 2.747252747252747485e-01 5.625000000000000000e-01 5.925925925925925597e-01 6.774193548387096309e-01 8.437500000000000000e-01 9.736842105263158187e-01
8.910891089108910479e-02 1.600000000000000033e-01 2.250000000000000056e-01 2.361111111111111049e-01 3.692307692307692513e-01 4.675324675324675217e-01 4.516129032258064391e-01 6.600000000000000311e-01 9.365079365079365115e-01 9.818181818181818121e-01
1.583333333333333259e-01 1.250000000000000000e-01 1.397849462365591267e-01 1.807228915662650592e-01 3.156822810590631523e-01 5.154394299287411441e-01 5.625000000000000000e-01 7.042253521126760063e-01 8.873239436619718701e-01 9.685039370078739607e-01
