3.082191780821917915e-01 1.851851851851851749e-01 1.666666666666666574e-01 3.513513513513513709e-01 3.584905660377358250e-01 6.783216783216783341e-01 8.157894736842105088e-01 7.307692307692307265e-01 9.285714285714286031e-01 9.275362318840579823e-01
3.599999999999999867e-01 4.285714285714285476e-01 5.000000000000000000e-01 2.500000000000000000e-01 2.820512820512820484e-01 7.435897435897436125e-01 7.777777777777777901e-01 8.571428571428570953e-01 8.000000000000000444e-01 9.574468085106383475e-01
3.076923076923077094e-01 1.666666666666666574e-01 2.727272727272727071e-01 6.363636363636363535e-01 1.304347826086956486e-01 7.777777777777777901e-01 5.714285714285713969e-01 9.000000000000000222e-01 9.000000000000000222e-01 9.512195121951219079e-01
2.857142857142856984e-01 1.176470588235294101e-01 1.818181818181818232e-01 4.074074074074073848e-01 5.217391304347825942e-01 5.666666666666666519e-01 6.923076923076922906e-01 9.090909090909090606e-01 8.461538461538461453e-01 9.180327868852459217e-01
2.760736196319018565e-01 3.488372093023255904e-01 2.500000000000000000e-01 3.773584905660377631e-01 3.647058823529411575e-01 7.115384615384615641e-01 7.142857142857143016e-01 6.896551724137931494e-01 9.242424242424241987e-01 9.473684210526315264e-01
2.682926829268292845e-01 3.055555555555555802e-01 3.125000000000000000e-01 3.076923076923077094e-01 2.937500000000000111e-01 7.199999999999999734e-01 8.928571428571429047e-01 8.125000000000000000e-01 9.583333333333333703e-01 9.295774647887323772e-01
2.045454545454545581e-01 2.000000000000000111e-01 5.000000000000000000e-01 3.333333333333333148e-01 5.000000000000000000e-01 5.625000000000000000e-01 9.000000000000000222e-01 7.777777777777777901e-01 1.000000000000000000e+00 8.965517241379310498e-01
1.739130434782608647e-01 4.166666666666666852e-01 0.000000000000000000e+00 2.000000000000000111e-01 3.571428571428571508e-01 7.777777777777777901e-01 1.000000000000000000e+00 8.888888888888888395e-01 8.750000000000000000e-01 1.000000000000000000e+00
1.875000000000000000e-01 2.857142857142856984e-01 1.538461538461538547e-01 4.444444444444444198e-01 4.000000000000000222e-01 6.551724137931034253e-01 8.000000000000000444e-01 7.500000000000000000e-01 9.090909090909090606e-01 9.464285714285713969e-01
3.018867924528301772e-01 2.391304347826087029e-01 3.200000000000000067e-01 2.459016393442622905e-01 3.280423280423280241e-01 5.820895522388059851e-01 7.857142857142856984e-01 7.187500000000000000e-01 9.574468085106383475e-01 9.202127659574468321e-01
