1.601123595505618002e-01 1.898734177215190000e-01 2.291666666666666574e-01 2.903225806451613100e-01 3.729216152019002584e-01 5.538461538461538769e-01 6.753246753246753276e-01 7.636363636363636687e-01 9.450549450549450281e-01 9.680365296803652431e-01
1.368421052631579038e-01 2.500000000000000000e-01 3.333333333333333148e-01 2.999999999999999889e-01 4.210526315789473450e-01 6.022727272727272929e-01 5.238095238095238360e-01 6.956521739130434590e-01 8.431372549019607865e-01 9.795918367346938549e-01
8.695652173913043237e-02 4.761904761904761640e-02 1.875000000000000000e-01 2.807017543859648967e-01 2.500000000000000000e-01 4.878048780487804770e-01 5.882352941176470784e-01 6.896551724137931494e-01 8.333333333333333703e-01 9.722222222222222099e-01
1.499999999999999944e-01 1.842105263157894635e-01 7.692307692307692735e-02 1.875000000000000000e-01 3.605442176870748416e-01 4.903846153846153633e-01 5.263157894736841813e-01 5.882352941176470784e-01 8.493150684931506378e-01 9.857142857142857650e-01
1.839378238341968785e-01 2.021276595744680715e-01 1.298701298701298579e-01 2.857142857142856984e-01 3.671706263498920042e-01 5.995145631067960723e-01 6.564885496183205937e-01 7.380952380952381375e-01 8.974358974358974672e-01 9.428007889546351494e-01
1.747572815533980639e-01 2.289156626506023973e-01 3.750000000000000000e-01 2.374999999999999889e-01 3.693467336683416979e-01 6.183206106870229313e-01 6.818181818181817677e-01 8.048780487804878536e-01 8.723404255319149314e-01 9.597989949748744198e-01
1.558441558441558406e-01 2.307692307692307820e-01 2.631578947368420907e-01 2.500000000000000000e-01 3.883495145631067902e-01 5.000000000000000000e-01 6.875000000000000000e-01 6.818181818181817677e-01 8.627450980392157298e-01 9.639639639639639990e-01
1.086956521739130405e-01 2.592592592592592449e-01 2.413793103448275967e-01 3.571428571428571508e-01 3.820224719101123489e-01 4.000000000000000222e-01 5.833333333333333703e-01 7.777777777777777901e-01 8.947368421052631637e-01 9.350649350649350433e-01
1.460674157303370746e-01 5.555555555555555247e-02 1.296296296296296224e-01 2.096774193548387177e-01 3.441558441558441594e-01 4.242424242424242542e-01 6.136363636363636465e-01 7.674418604651163101e-01 8.615384615384615863e-01 9.577464788732393819e-01
1.870129870129870198e-01 1.724137931034482873e-01 1.395348837209302306e-01 2.402597402597402565e-01 3.652007648183556165e-01 5.319693094629156516e-01 5.892857142857143016e-01 7.012987012987013102e-01 8.785714285714285587e-01 9.574898785425101089e-01
