1.937172774869110048e-01 2.941176470588235392e-01 3.076923076923077094e-01 3.658536585365853577e-01 4.670329670329670391e-01 6.335403726708074279e-01 7.894736842105263275e-01 9.047619047619047672e-01 9.322033898305084332e-01 9.595375722543352248e-01
2.682926829268292845e-01 2.307692307692307820e-01 2.500000000000000000e-01 2.352941176470588203e-01 5.208333333333333703e-01 4.242424242424242542e-01 7.500000000000000000e-01 6.923076923076922906e-01 7.333333333333332815e-01 9.499999999999999556e-01
2.272727272727272652e-01 1.818181818181818232e-01 7.142857142857142461e-02 3.750000000000000000e-01 4.473684210526315819e-01 3.478260869565217295e-01 7.272727272727272929e-01 7.647058823529411242e-01 9.000000000000000222e-01 9.333333333333333481e-01
2.750000000000000222e-01 1.818181818181818232e-01 2.777777777777777901e-01 4.375000000000000000e-01 4.000000000000000222e-01 5.294117647058823595e-01 5.833333333333333703e-01 5.000000000000000000e-01 8.421052631578946901e-01 9.090909090909090606e-01
1.952380952380952384e-01 1.590909090909090884e-01 2.592592592592592449e-01 4.375000000000000000e-01 5.000000000000000000e-01 5.185185185185184897e-01 6.250000000000000000e-01 8.095238095238095344e-01 8.666666666666666963e-01 9.957805907172996296e-01
2.057142857142857106e-01 4.054054054054054279e-01 5.789473684210526550e-01 4.054054054054054279e-01 4.678899082568807599e-01 6.648648648648648463e-01 7.346938775510204467e-01 9.499999999999999556e-01 9.111111111111110938e-01 9.664804469273743370e-01
2.790697674418604612e-01 6.250000000000000000e-01 3.333333333333333148e-01 4.736842105263157632e-01 5.762711864406779849e-01 5.897435897435897578e-01 7.272727272727272929e-01 1.000000000000000000e+00 1.000000000000000000e+00 9.111111111111110938e-01
1.764705882352941291e-01 1.538461538461538547e-01 1.000000000000000056e-01 2.500000000000000000e-01 4.285714285714285476e-01 5.200000000000000178e-01 5.000000000000000000e-01 8.000000000000000444e-01 1.000000000000000000e+00 1.000000000000000000e+00
1.428571428571428492e-01 2.500000000000000000e-01 1.875000000000000000e-01 3.030303030303030387e-01 5.254237288135593653e-01 4.772727272727272929e-01 5.000000000000000000e-01 6.400000000000000133e-01 1.000000000000000000e+00 1.000000000000000000e+00
2.080924855491329550e-01 1.904761904761904656e-01 1.707317073170731836e-01 2.328767123287671104e-01 4.266055045871559592e-01 5.388349514563106624e-01 6.444444444444444864e-01 7.352941176470588758e-01 8.888888888888888395e-01 9.789915966386554258e-01
