1.552631578947368529e-01 2.051282051282051211e-01 3.265306122448979331e-01 2.680412371134020533e-01 3.254716981132075304e-01 5.904255319148936643e-01 7.066666666666666652e-01 8.461538461538461453e-01 8.780487804878048808e-01 9.612756264236902437e-01
1.282051282051281937e-01 2.800000000000000266e-01 2.142857142857142738e-01 2.051282051282051211e-01 3.523809523809524058e-01 5.176470588235294601e-01 6.818181818181817677e-01 6.923076923076922906e-01 8.421052631578946901e-01 9.827586206896551380e-01
6.666666666666666574e-02 1.666666666666666574e-01 1.538461538461538547e-01 3.400000000000000244e-01 3.614457831325301185e-01 4.500000000000000111e-01 5.600000000000000533e-01 7.692307692307692735e-01 9.215686274509803377e-01 9.436619718309858795e-01
1.494252873563218509e-01 1.320754716981132060e-01 6.779661016949152519e-02 2.931034482758620441e-01 3.703703703703703498e-01 5.161290322580645018e-01 6.206896551724138122e-01 7.619047619047618625e-01 8.714285714285714413e-01 9.580419580419580194e-01
1.679389312977099258e-01 2.115384615384615363e-01 2.058823529411764608e-01 2.922077922077921941e-01 3.886462882096070048e-01 5.530864197530863668e-01 5.818181818181817899e-01 6.836734693877550839e-01 9.111111111111110938e-01 9.536679536679536495e-01
1.855421686746988041e-01 1.707317073170731836e-01 2.790697674418604612e-01 3.086419753086419582e-01 3.743842364532019573e-01 6.044776119402984760e-01 7.299999999999999822e-01 6.944444444444444198e-01 9.268292682926829729e-01 9.607329842931937591e-01
1.728395061728394966e-01 1.739130434782608647e-01 9.090909090909091161e-02 2.820512820512820484e-01 3.302752293577981835e-01 5.555555555555555802e-01 4.814814814814814548e-01 6.666666666666666297e-01 8.499999999999999778e-01 9.363636363636363980e-01
1.224489795918367319e-01 2.857142857142856984e-01 1.111111111111111049e-01 1.428571428571428492e-01 3.369565217391304324e-01 4.761904761904761640e-01 5.555555555555555802e-01 5.999999999999999778e-01 9.019607843137255054e-01 9.871794871794872250e-01
1.685393258426966245e-01 1.111111111111111049e-01 1.842105263157894635e-01 1.566265060240963902e-01 4.029850746268656692e-01 5.196078431372549433e-01 6.086956521739130821e-01 8.199999999999999512e-01 8.461538461538461453e-01 9.571428571428571841e-01
1.893333333333333257e-01 1.900000000000000022e-01 1.511627906976744096e-01 2.413793103448275967e-01 3.783269961977186457e-01 5.333333333333333259e-01 5.981308411214952825e-01 6.962025316455696666e-01 8.389261744966443057e-01 9.604166666666666963e-01
