2.765957446808510745e-01 1.944444444444444475e-01 2.666666666666666630e-01 2.702702702702702853e-01 3.358208955223880854e-01 7.058823529411765163e-01 7.142857142857143016e-01 8.750000000000000000e-01 9.062500000000000000e-01 9.603174603174603474e-01
2.999999999999999889e-01 9.090909090909091161e-02 0.000000000000000000e+00 1.666666666666666574e-01 3.448275862068965747e-01 6.764705882352941568e-01 5.555555555555555802e-01 1.000000000000000000e+00 1.000000000000000000e+00 9.130434782608695121e-01
2.272727272727272652e-01 2.999999999999999889e-01 6.363636363636363535e-01 1.666666666666666574e-01 2.972972972972973138e-01 6.666666666666666297e-01 5.454545454545454142e-01 8.750000000000000000e-01 9.285714285714286031e-01 9.200000000000000400e-01
2.325581395348837177e-01 4.117647058823529216e-01 0.000000000000000000e+00 4.166666666666666852e-01 2.600000000000000089e-01 7.666666666666667185e-01 8.888888888888888395e-01 6.875000000000000000e-01 8.636363636363636465e-01 8.695652173913043237e-01
3.136094674556212936e-01 3.333333333333333148e-01 3.200000000000000067e-01 3.636363636363636465e-01 3.605769230769230727e-01 6.562500000000000000e-01 7.800000000000000266e-01 7.187500000000000000e-01 9.791666666666666297e-01 9.294117647058823817e-01
2.467532467532467522e-01 1.842105263157894635e-01 7.142857142857142461e-02 4.482758620689655249e-01 4.049079754601226933e-01 7.207792207792207417e-01 8.333333333333333703e-01 8.461538461538461453e-01 9.736842105263158187e-01 9.411764705882352811e-01
2.580645161290322509e-01 3.846153846153846367e-01 6.666666666666666297e-01 3.750000000000000000e-01 3.170731707317073211e-01 5.555555555555555802e-01 9.166666666666666297e-01 1.000000000000000000e+00 9.444444444444444198e-01 9.787234042553191182e-01
3.076923076923077094e-01 3.076923076923077094e-01 3.333333333333333148e-01 3.333333333333333148e-01 3.437500000000000000e-01 8.235294117647058432e-01 8.571428571428570953e-01 5.714285714285713969e-01 9.285714285714286031e-01 8.918918918918918859e-01
1.875000000000000000e-01 1.111111111111111049e-01 4.285714285714285476e-01 2.500000000000000000e-01 3.829787234042553168e-01 4.848484848484848619e-01 7.692307692307692735e-01 7.647058823529411242e-01 9.130434782608695121e-01 9.180327868852459217e-01
3.216783216783216659e-01 3.250000000000000111e-01 2.682926829268292845e-01 3.787878787878787845e-01 3.442622950819672067e-01 6.575342465753424293e-01 8.378378378378378288e-01 7.058823529411765163e-01 8.367346938775510612e-01 9.396984924623115187e-01
