1.910112359550561745e-01 3.478260869565217295e-01 4.000000000000000222e-01 3.617021276595744905e-01 2.842105263157894690e-01 7.263157894736842479e-01 8.787878787878787845e-01 9.047619047619047672e-01 9.714285714285714191e-01 9.333333333333333481e-01
8.823529411764706454e-02 1.333333333333333315e-01 2.500000000000000000e-01 2.857142857142856984e-01 3.191489361702127825e-01 5.806451612903226200e-01 9.090909090909090606e-01 7.272727272727272929e-01 8.181818181818182323e-01 9.591836734693877098e-01
1.176470588235294101e-01 1.818181818181818232e-01 1.428571428571428492e-01 1.875000000000000000e-01 2.666666666666666630e-01 3.529411764705882582e-01 5.294117647058823595e-01 9.090909090909090606e-01 9.411764705882352811e-01 9.782608695652174058e-01
2.448979591836734637e-01 0.000000000000000000e+00 1.052631578947368363e-01 1.714285714285714302e-01 1.976744186046511531e-01 6.538461538461538547e-01 5.999999999999999778e-01 8.421052631578946901e-01 9.189189189189189699e-01 9.818181818181818121e-01
1.521739130434782705e-01 1.607142857142857262e-01 1.428571428571428492e-01 1.384615384615384692e-01 2.321428571428571508e-01 5.329949238578680637e-01 5.576923076923077094e-01 5.641025641025640969e-01 7.941176470588234837e-01 9.207048458149780235e-01
2.865168539325842478e-01 3.823529411764705621e-01 3.571428571428571508e-01 3.400000000000000244e-01 2.543352601156069204e-01 8.352941176470588536e-01 8.333333333333333703e-01 7.058823529411765163e-01 9.375000000000000000e-01 9.128205128205127972e-01
2.272727272727272652e-01 2.500000000000000000e-01 6.250000000000000000e-01 4.210526315789473450e-01 3.260869565217391353e-01 5.000000000000000000e-01 6.666666666666666297e-01 7.777777777777777901e-01 1.000000000000000000e+00 9.821428571428570953e-01
6.666666666666666574e-02 1.818181818181818232e-01 9.090909090909091161e-02 2.222222222222222099e-01 2.444444444444444364e-01 3.888888888888888951e-01 6.428571428571429047e-01 1.000000000000000000e+00 9.565217391304348116e-01 1.000000000000000000e+00
2.000000000000000111e-01 1.764705882352941291e-01 2.142857142857142738e-01 1.034482758620689641e-01 2.564102564102563875e-01 4.230769230769230727e-01 6.500000000000000222e-01 5.263157894736841813e-01 9.142857142857142572e-01 9.565217391304348116e-01
1.153846153846153910e-01 9.433962264150944077e-02 3.571428571428571230e-02 1.384615384615384692e-01 2.350427350427350404e-01 5.028901734104046506e-01 4.666666666666666741e-01 5.937500000000000000e-01 7.605633802816901268e-01 9.135802469135801962e-01
