1.428571428571428492e-01 0.000000000000000000e+00 1.666666666666666574e-01 2.000000000000000111e-01 1.818181818181818232e-01 0.000000000000000000e+00 7.500000000000000000e-01 4.285714285714285476e-01 8.000000000000000444e-01 1.000000000000000000e+00
0.000000000000000000e+00 0.000000000000000000e+00 1.428571428571428492e-01 4.000000000000000222e-01 3.499999999999999778e-01 5.000000000000000000e-01 3.333333333333333148e-01 6.666666666666666297e-01 1.000000000000000000e+00 1.000000000000000000e+00
1.250000000000000000e-01 3.333333333333333148e-01 3.333333333333333148e-01 4.000000000000000222e-01 2.500000000000000000e-01 1.000000000000000000e+00 5.000000000000000000e-01 5.555555555555555802e-01 8.571428571428570953e-01 9.285714285714286031e-01
0.000000000000000000e+00 0.000000000000000000e+00 0.000000000000000000e+00 1.875000000000000000e-01 3.939393939393939226e-01 5.555555555555555802e-01 3.636363636363636465e-01 7.058823529411765163e-01 8.000000000000000444e-01 8.666666666666666963e-01
2.500000000000000000e-01 0.000000000000000000e+00 0.000000000000000000e+00 3.103448275862069061e-01 2.619047619047619180e-01 2.857142857142856984e-01 5.263157894736841813e-01 7.199999999999999734e-01 9.655172413793103869e-01 9.310344827586206629e-01
0.000000000000000000e+00 0.000000000000000000e+00 0.000000000000000000e+00 2.500000000000000000e-01 4.545454545454545303e-01 4.000000000000000222e-01 7.142857142857143016e-01 1.000000000000000000e+00 8.000000000000000444e-01 1.000000000000000000e+00
0.000000000000000000e+00 3.333333333333333148e-01 5.714285714285713969e-01 0.000000000000000000e+00 4.000000000000000222e-01 5.999999999999999778e-01 6.666666666666666297e-01 5.714285714285713969e-01 8.571428571428570953e-01 1.000000000000000000e+00
1.250000000000000000e-01 0.000000000000000000e+00 2.500000000000000000e-01 3.076923076923077094e-01 4.705882352941176405e-01 0.000000000000000000e+00 1.000000000000000000e+00 6.250000000000000000e-01 9.130434782608695121e-01 1.000000000000000000e+00
0.000000000000000000e+00 1.250000000000000000e-01 8.333333333333332871e-02 2.500000000000000000e-01 3.478260869565217295e-01 0.000000000000000000e+00 5.999999999999999778e-01 9.230769230769231282e-01 7.500000000000000000e-01 8.846153846153845812e-01
0.000000000000000000e+00 1.538461538461538547e-01 0.000000000000000000e+00 1.515151515151515194e-01 3.055555555555555802e-01 5.000000000000000000e-01 3.333333333333333148e-01 6.250000000000000000e-01 9.736842105263158187e-01 9.487179487179486781e-01
