0.000000000000000000e+00 0.000000000000000000e+00 0.000000000000000000e+00 0.000000000000000000e+00 0.000000000000000000e+00 5.000000000000000000e-01 6.666666666666666297e-01 5.000000000000000000e-01 9.230769230769231282e-01 8.571428571428570953e-01
0.000000000000000000e+00 2.500000000000000000e-01 0.000000000000000000e+00 1.428571428571428492e-01 1.333333333333333315e-01 0.000000000000000000e+00 7.142857142857143016e-01 5.714285714285713969e-01 7.777777777777777901e-01 9.444444444444444198e-01
0.000000000000000000e+00 0.000000000000000000e+00 3.333333333333333148e-01 1.875000000000000000e-01 1.499999999999999944e-01 3.333333333333333148e-01 7.500000000000000000e-01 3.333333333333333148e-01 9.230769230769231282e-01 9.444444444444444198e-01
1.250000000000000000e-01 2.000000000000000111e-01 8.333333333333332871e-02 1.666666666666666574e-01 2.500000000000000000e-01 8.333333333333333703e-01 5.000000000000000000e-01 8.260869565217391353e-01 7.500000000000000000e-01 9.545454545454545858e-01
1.666666666666666574e-01 1.000000000000000056e-01 1.499999999999999944e-01 1.935483870967741882e-01 3.396226415094339424e-01 8.000000000000000444e-01 4.736842105263157632e-01 7.058823529411765163e-01 8.918918918918918859e-01 9.583333333333333703e-01
0.000000000000000000e+00 5.000000000000000000e-01 0.000000000000000000e+00 0.000000000000000000e+00 0.000000000000000000e+00 1.000000000000000000e+00 8.000000000000000444e-01 1.000000000000000000e+00 9.166666666666666297e-01 1.000000000000000000e+00
2.500000000000000000e-01 0.000000000000000000e+00 2.000000000000000111e-01 5.999999999999999778e-01 2.500000000000000000e-01 5.000000000000000000e-01 1.000000000000000000e+00 1.000000000000000000e+00 8.888888888888888395e-01 8.823529411764705621e-01
0.000000000000000000e+00 4.285714285714285476e-01 2.500000000000000000e-01 5.882352941176470507e-02 7.142857142857142461e-02 1.000000000000000000e+00 5.000000000000000000e-01 5.833333333333333703e-01 6.666666666666666297e-01 1.000000000000000000e+00
0.000000000000000000e+00 0.000000000000000000e+00 7.142857142857142461e-02 2.173913043478260809e-01 2.068965517241379282e-01 5.000000000000000000e-01 5.999999999999999778e-01 6.999999999999999556e-01 8.235294117647058432e-01 9.444444444444444198e-01
1.111111111111111049e-01 3.571428571428571508e-01 2.352941176470588203e-01 1.891891891891891997e-01 2.407407407407407274e-01 2.500000000000000000e-01 4.000000000000000222e-01 6.500000000000000222e-01 7.857142857142856984e-01 9.772727272727272929e-01
