0.000000000000000000e+00 2.666666666666666630e-01 3.076923076923077094e-01 4.000000000000000222e-01 3.437500000000000000e-01 4.285714285714285476e-01 7.142857142857143016e-01 1.000000000000000000e+00 9.499999999999999556e-01 9.565217391304348116e-01
0.000000000000000000e+00 2.608695652173912971e-01 2.592592592592592449e-01 1.923076923076923184e-01 3.750000000000000000e-01 4.444444444444444198e-01 8.000000000000000444e-01 9.230769230769231282e-01 9.523809523809523281e-01 1.000000000000000000e+00
7.692307692307692735e-02 1.499999999999999944e-01 4.545454545454545581e-02 2.500000000000000000e-01 3.559322033898305038e-01 4.166666666666666852e-01 4.583333333333333148e-01 9.062500000000000000e-01 9.459459459459459429e-01 9.722222222222222099e-01
2.352941176470588203e-01 5.555555555555555247e-02 6.818181818181817677e-02 2.380952380952380820e-01 3.813559322033898136e-01 3.913043478260869734e-01 4.583333333333333148e-01 6.976744186046511809e-01 9.178082191780821963e-01 9.545454545454545858e-01
6.060606060606060774e-02 1.282051282051281937e-01 9.523809523809523281e-02 1.935483870967741882e-01 2.741935483870967527e-01 3.333333333333333148e-01 5.151515151515151381e-01 5.432098765432098464e-01 7.927927927927927998e-01 9.424460431654676507e-01
5.999999999999999778e-01 4.166666666666666852e-01 3.333333333333333148e-01 5.000000000000000000e-01 5.000000000000000000e-01 6.666666666666666297e-01 8.000000000000000444e-01 1.000000000000000000e+00 8.823529411764705621e-01 9.772727272727272929e-01
2.500000000000000000e-01 2.857142857142856984e-01 4.444444444444444198e-01 2.333333333333333370e-01 4.242424242424242542e-01 5.384615384615384359e-01 7.500000000000000000e-01 9.285714285714286031e-01 1.000000000000000000e+00 9.574468085106383475e-01
1.111111111111111049e-01 2.222222222222222099e-01 1.111111111111111049e-01 4.222222222222222210e-01 4.000000000000000222e-01 4.705882352941176405e-01 5.999999999999999778e-01 8.888888888888888395e-01 9.743589743589743390e-01 9.846153846153846700e-01
9.090909090909091161e-02 9.677419354838709409e-02 9.523809523809523281e-02 1.643835616438356073e-01 3.271028037383177378e-01 5.625000000000000000e-01 5.555555555555555802e-01 6.315789473684210176e-01 9.242424242424241987e-01 9.887640449438201973e-01
7.692307692307692735e-02 8.333333333333332871e-02 3.508771929824561209e-02 2.121212121212121271e-01 2.448979591836734637e-01 2.380952380952380820e-01 5.526315789473684736e-01 5.483870967741935054e-01 7.924528301886792914e-01 8.993288590604027188e-01
