2.727272727272727071e-01 4.117647058823529216e-01 2.666666666666666630e-01 5.000000000000000000e-01 3.630573248407643061e-01 6.554054054054053724e-01 7.368421052631578538e-01 8.750000000000000000e-01 9.722222222222222099e-01 8.986486486486486847e-01
1.666666666666666574e-01 5.000000000000000000e-01 4.444444444444444198e-01 2.999999999999999889e-01 4.117647058823529216e-01 6.428571428571429047e-01 8.333333333333333703e-01 7.500000000000000000e-01 9.444444444444444198e-01 9.230769230769231282e-01
2.352941176470588203e-01 2.000000000000000111e-01 3.333333333333333148e-01 1.428571428571428492e-01 2.857142857142856984e-01 6.153846153846154188e-01 7.500000000000000000e-01 7.142857142857143016e-01 1.000000000000000000e+00 9.499999999999999556e-01
2.105263157894736725e-01 1.538461538461538547e-01 2.000000000000000111e-01 2.962962962962962798e-01 3.181818181818181768e-01 6.136363636363636465e-01 8.666666666666666963e-01 8.571428571428570953e-01 9.285714285714286031e-01 9.636363636363636243e-01
2.986111111111111049e-01 3.695652173913043237e-01 1.666666666666666574e-01 3.703703703703703498e-01 3.411764705882353033e-01 7.272727272727272929e-01 6.976744186046511809e-01 6.551724137931034253e-01 9.565217391304348116e-01 9.504950495049504511e-01
3.067484662576687171e-01 2.962962962962962798e-01 6.111111111111111605e-01 2.857142857142856984e-01 4.181818181818181546e-01 7.013888888888888395e-01 8.965517241379310498e-01 6.923076923076922906e-01 9.375000000000000000e-01 9.452054794520547976e-01
3.076923076923077094e-01 9.090909090909091161e-02 2.500000000000000000e-01 4.166666666666666852e-01 3.636363636363636465e-01 5.925925925925925597e-01 8.571428571428570953e-01 8.461538461538461453e-01 8.499999999999999778e-01 9.459459459459459429e-01
4.285714285714285476e-01 0.000000000000000000e+00 1.111111111111111049e-01 3.200000000000000067e-01 4.827586206896551935e-01 3.571428571428571508e-01 8.000000000000000444e-01 5.000000000000000000e-01 8.750000000000000000e-01 9.677419354838709964e-01
2.105263157894736725e-01 5.882352941176470507e-02 8.333333333333332871e-02 2.608695652173912971e-01 1.739130434782608647e-01 6.285714285714285587e-01 8.461538461538461453e-01 8.095238095238095344e-01 7.916666666666666297e-01 8.727272727272726849e-01
2.692307692307692180e-01 2.115384615384615363e-01 2.962962962962962798e-01 3.599999999999999867e-01 3.423913043478261087e-01 6.999999999999999556e-01 7.567567567567567988e-01 7.857142857142856984e-01 9.148936170212765839e-01 9.378531073446327859e-01
