1.988950276243093840e-01 2.580645161290322509e-01 2.857142857142856984e-01 3.750000000000000000e-01 5.074626865671642006e-01 5.402298850574712707e-01 7.714285714285714635e-01 7.619047619047618625e-01 9.318181818181817677e-01 9.945054945054945250e-01
2.340425531914893664e-01 2.142857142857142738e-01 4.545454545454545303e-01 3.750000000000000000e-01 4.285714285714285476e-01 6.086956521739130821e-01 7.272727272727272929e-01 8.750000000000000000e-01 7.647058823529411242e-01 1.000000000000000000e+00
1.818181818181818232e-01 0.000000000000000000e+00 1.052631578947368363e-01 4.814814814814814548e-01 4.117647058823529216e-01 6.071428571428570953e-01 5.555555555555555802e-01 7.647058823529411242e-01 9.000000000000000222e-01 9.687500000000000000e-01
1.578947368421052544e-01 2.222222222222222099e-01 1.428571428571428492e-01 3.793103448275861878e-01 4.714285714285714191e-01 5.000000000000000000e-01 6.315789473684210176e-01 7.857142857142856984e-01 9.629629629629629095e-01 9.726027397260273988e-01
2.289156626506023973e-01 2.962962962962962798e-01 2.051282051282051211e-01 3.466666666666666785e-01 4.823008849557521849e-01 6.483516483516483797e-01 6.551724137931034253e-01 7.837837837837837718e-01 9.285714285714286031e-01 9.497907949790794779e-01
2.487804878048780477e-01 3.142857142857142794e-01 5.625000000000000000e-01 2.702702702702702853e-01 4.702380952380952328e-01 6.593406593406593297e-01 7.083333333333333703e-01 7.222222222222222099e-01 9.111111111111110938e-01 9.739583333333333703e-01
1.463414634146341375e-01 1.818181818181818232e-01 5.000000000000000000e-01 3.684210526315789269e-01 5.409836065573770947e-01 4.166666666666666852e-01 1.000000000000000000e+00 5.999999999999999778e-01 8.333333333333333703e-01 9.444444444444444198e-01
1.875000000000000000e-01 4.615384615384615641e-01 0.000000000000000000e+00 2.727272727272727071e-01 4.749999999999999778e-01 5.714285714285713969e-01 4.285714285714285476e-01 9.090909090909090606e-01 9.375000000000000000e-01 9.090909090909090606e-01
8.695652173913043237e-02 2.142857142857142738e-01 1.250000000000000000e-01 4.500000000000000111e-01 4.264705882352941013e-01 3.658536585365853577e-01 6.206896551724138122e-01 6.666666666666666297e-01 8.709677419354838745e-01 9.855072463768116409e-01
2.019704433497536977e-01 1.754385964912280604e-01 2.222222222222222099e-01 2.714285714285714080e-01 4.385245901639344135e-01 4.864864864864865135e-01 6.136363636363636465e-01 8.076923076923077094e-01 9.016393442622950838e-01 9.723502304147465525e-01
