0.000000000000000000e+00 0.000000000000000000e+00 0.000000000000000000e+00 5.000000000000000000e-01 0.000000000000000000e+00 0.000000000000000000e+00 1.000000000000000000e+00 0.000000000000000000e+00 1.000000000000000000e+00 1.000000000000000000e+00
0.000000000000000000e+00 6.666666666666666297e-01 2.500000000000000000e-01 0.000000000000000000e+00 2.000000000000000111e-01 1.000000000000000000e+00 5.000000000000000000e-01 8.000000000000000444e-01 1.000000000000000000e+00 1.000000000000000000e+00
0.000000000000000000e+00 0.000000000000000000e+00 0.000000000000000000e+00 1.428571428571428492e-01 4.000000000000000222e-01 5.000000000000000000e-01 5.000000000000000000e-01 1.000000000000000000e+00 1.000000000000000000e+00 1.000000000000000000e+00
0.000000000000000000e+00 0.000000000000000000e+00 2.142857142857142738e-01 2.631578947368420907e-01 4.054054054054054279e-01 1.428571428571428492e-01 4.285714285714285476e-01 9.090909090909090606e-01 9.444444444444444198e-01 9.615384615384615641e-01
1.333333333333333315e-01 2.500000000000000000e-01 1.764705882352941291e-01 2.413793103448275967e-01 2.608695652173912971e-01 5.000000000000000000e-01 4.444444444444444198e-01 5.588235294117647189e-01 7.647058823529411242e-01 8.913043478260869179e-01
6.666666666666666297e-01 2.999999999999999889e-01 4.000000000000000222e-01 5.454545454545454142e-01 5.000000000000000000e-01 6.666666666666666297e-01 7.777777777777777901e-01 1.000000000000000000e+00 8.181818181818182323e-01 9.545454545454545858e-01
0.000000000000000000e+00 0.000000000000000000e+00 5.555555555555555802e-01 1.428571428571428492e-01 4.705882352941176405e-01 2.500000000000000000e-01 7.142857142857143016e-01 8.571428571428570953e-01 1.000000000000000000e+00 8.947368421052631637e-01
0.000000000000000000e+00 2.857142857142856984e-01 1.428571428571428492e-01 3.333333333333333148e-01 3.809523809523809312e-01 6.666666666666666297e-01 1.000000000000000000e+00 1.000000000000000000e+00 9.090909090909090606e-01 1.000000000000000000e+00
0.000000000000000000e+00 0.000000000000000000e+00 0.000000000000000000e+00 1.666666666666666574e-01 3.200000000000000067e-01 1.000000000000000000e+00 1.000000000000000000e+00 5.999999999999999778e-01 9.090909090909090606e-01 1.000000000000000000e+00
0.000000000000000000e+00 0.000000000000000000e+00 0.000000000000000000e+00 1.666666666666666574e-01 2.380952380952380820e-01 7.500000000000000000e-01 5.714285714285713969e-01 6.666666666666666297e-01 8.888888888888888395e-01 8.823529411764705621e-01
