1.864077669902912682e-01 2.916666666666666852e-01 3.396226415094339424e-01 3.188405797101449002e-01 3.620981387478849345e-01 5.794392523364485514e-01 6.076923076923076428e-01 8.461538461538461453e-01 9.256198347107438273e-01 9.406307977736548809e-01
2.342342342342342287e-01 2.692307692307692180e-01 3.142857142857142794e-01 1.568627450980392135e-01 3.806451612903225534e-01 5.688073394495413160e-01 7.500000000000000000e-01 7.500000000000000000e-01 8.955223880597015240e-01 9.602649006622516747e-01
1.451612903225806550e-01 2.500000000000000000e-01 1.212121212121212155e-01 1.886792452830188815e-01 3.619047619047618958e-01 5.714285714285713969e-01 7.297297297297297147e-01 6.666666666666666297e-01 8.705882352941176627e-01 9.433962264150943522e-01
1.953125000000000000e-01 1.698113207547169712e-01 1.428571428571428492e-01 3.636363636363636465e-01 3.383838383838383979e-01 5.185185185185184897e-01 7.173913043478260532e-01 7.307692307692307265e-01 8.941176470588235725e-01 9.563106796116505048e-01
2.127272727272727371e-01 2.200000000000000011e-01 2.099999999999999922e-01 2.623762376237623872e-01 3.853211009174312141e-01 6.384892086330935523e-01 5.942028985507246119e-01 7.666666666666667185e-01 9.095744680851063357e-01 9.572413793103448088e-01
1.948529411764705899e-01 1.953125000000000000e-01 3.174603174603174427e-01 2.313432835820895539e-01 3.985637342908437963e-01 5.836431226765799174e-01 7.524752475247524774e-01 7.241379310344827624e-01 9.292035398230088505e-01 9.499999999999999556e-01
2.019230769230769273e-01 1.724137931034482873e-01 2.127659574468085124e-01 2.941176470588235392e-01 3.356164383561643927e-01 5.348837209302325091e-01 6.363636363636363535e-01 8.095238095238095344e-01 8.983050847457627608e-01 9.574468085106383475e-01
2.388059701492537268e-01 2.592592592592592449e-01 1.612903225806451568e-01 3.289473684210526550e-01 3.391304347826086807e-01 4.444444444444444198e-01 6.666666666666666297e-01 5.238095238095238360e-01 8.484848484848485084e-01 9.649122807017543879e-01
1.629629629629629761e-01 8.510638297872340219e-02 7.462686567164178442e-02 2.619047619047619180e-01 2.830188679245282946e-01 5.630252100840336116e-01 6.769230769230769607e-01 7.096774193548387455e-01 8.181818181818182323e-01 9.411764705882352811e-01
2.068965517241379282e-01 1.901840490797546135e-01 1.960784313725490169e-01 3.134328358208955390e-01 3.469079939668174850e-01 6.142595978062157513e-01 6.923076923076922906e-01 6.981132075471697673e-01 8.829268292682926900e-01 9.573820395738203981e-01
