2.870370370370370350e-01 3.255813953488372325e-01 3.968253968253968034e-01 3.759398496240601295e-01 4.128440366972477293e-01 7.434456928838951706e-01 8.373983739837398410e-01 9.591836734693877098e-01 9.421487603305784830e-01 9.632224168126094499e-01
1.826923076923076816e-01 2.800000000000000266e-01 2.978723404255319007e-01 2.931034482758620441e-01 4.236111111111111049e-01 6.347826086956521729e-01 9.032258064516128782e-01 8.372093023255814392e-01 9.333333333333333481e-01 9.632352941176470784e-01
1.153846153846153910e-01 1.142857142857142821e-01 1.071428571428571369e-01 3.090909090909090828e-01 3.545454545454545525e-01 4.833333333333333370e-01 5.121951219512195230e-01 9.000000000000000222e-01 8.727272727272726849e-01 9.745762711864406347e-01
1.985294117647058709e-01 9.523809523809523281e-02 7.142857142857142461e-02 2.307692307692307820e-01 3.318385650224215389e-01 5.182481751824817851e-01 5.106382978723403854e-01 7.368421052631578538e-01 9.252336448598130758e-01 9.653179190751445260e-01
1.289782244556113844e-01 1.103448275862068950e-01 1.415929203539822989e-01 1.755319148936170248e-01 2.679127725856697562e-01 4.585537918871251950e-01 5.068493150684931781e-01 5.919999999999999707e-01 8.325581395348836677e-01 9.352850539291217569e-01
3.169811320754716832e-01 3.548387096774193727e-01 4.126984126984126755e-01 4.645669291338582751e-01 4.527629233511586415e-01 8.014705882352941568e-01 9.026548672566371279e-01 9.000000000000000222e-01 9.572649572649573058e-01 9.500891265597147806e-01
2.095238095238095288e-01 3.225806451612903136e-01 4.666666666666666741e-01 3.148148148148148251e-01 5.138888888888888395e-01 6.902654867256636795e-01 8.333333333333333703e-01 8.928571428571429047e-01 9.599999999999999645e-01 9.771428571428570908e-01
1.071428571428571369e-01 1.891891891891891997e-01 1.562500000000000000e-01 3.859649122807017330e-01 4.333333333333333481e-01 4.827586206896551935e-01 5.999999999999999778e-01 8.666666666666666963e-01 9.636363636363636243e-01 9.909909909909909720e-01
1.121495327102803724e-01 1.632653061224489666e-01 1.186440677966101725e-01 2.346938775510204189e-01 3.588516746411483105e-01 4.523809523809523836e-01 6.212121212121212155e-01 5.964912280701754055e-01 9.222222222222222765e-01 9.756097560975609539e-01
1.159929701230228427e-01 1.127819548872180389e-01 8.333333333333332871e-02 1.932367149758454083e-01 2.914285714285714257e-01 4.037383177570093573e-01 5.333333333333333259e-01 6.168224299065420135e-01 8.198198198198197728e-01 9.332365747460087402e-01
