2.500000000000000000e-01 1.428571428571428492e-01 0.000000000000000000e+00 1.818181818181818232e-01 3.750000000000000000e-01 5.714285714285713969e-01 1.000000000000000000e+00 8.888888888888888395e-01 8.260869565217391353e-01 1.000000000000000000e+00
1.250000000000000000e-01 2.727272727272727071e-01 2.666666666666666630e-01 2.999999999999999889e-01 2.592592592592592449e-01 4.000000000000000222e-01 5.000000000000000000e-01 6.999999999999999556e-01 8.571428571428570953e-01 9.473684210526315264e-01
3.333333333333333148e-01 7.692307692307692735e-02 7.407407407407406996e-02 3.055555555555555802e-01 3.207547169811320598e-01 1.000000000000000056e-01 5.999999999999999778e-01 6.400000000000000133e-01 8.666666666666666963e-01 9.565217391304348116e-01
2.727272727272727071e-01 5.000000000000000278e-02 9.677419354838709409e-02 2.045454545454545581e-01 2.950819672131147486e-01 5.999999999999999778e-01 6.250000000000000000e-01 6.470588235294117974e-01 8.548387096774193727e-01 9.344262295081967595e-01
4.166666666666666435e-02 1.212121212121212155e-01 8.888888888888889228e-02 2.463768115942029102e-01 4.095238095238095122e-01 3.499999999999999778e-01 5.277777777777777901e-01 6.041666666666666297e-01 8.974358974358974672e-01 9.468085106382978511e-01
0.000000000000000000e+00 6.666666666666666297e-01 3.333333333333333148e-01 3.636363636363636465e-01 2.413793103448275967e-01 1.000000000000000000e+00 1.000000000000000000e+00 8.571428571428570953e-01 8.636363636363636465e-01 1.000000000000000000e+00
0.000000000000000000e+00 5.999999999999999778e-01 9.090909090909091161e-02 5.294117647058823595e-01 3.571428571428571508e-01 3.333333333333333148e-01 6.250000000000000000e-01 1.000000000000000000e+00 9.583333333333333703e-01 9.268292682926829729e-01
0.000000000000000000e+00 1.538461538461538547e-01 5.555555555555555247e-02 2.424242424242424310e-01 3.018867924528301772e-01 3.750000000000000000e-01 4.666666666666666741e-01 6.666666666666666297e-01 8.148148148148147696e-01 9.782608695652174058e-01
6.250000000000000000e-02 1.153846153846153910e-01 9.375000000000000000e-02 2.352941176470588203e-01 2.968750000000000000e-01 3.636363636363636465e-01 4.000000000000000222e-01 7.058823529411765163e-01 9.433962264150943522e-01 9.673913043478260532e-01
1.111111111111111049e-01 1.071428571428571369e-01 1.224489795918367319e-01 1.590909090909090884e-01 3.362068965517241437e-01 2.916666666666666852e-01 5.357142857142856984e-01 6.800000000000000488e-01 8.448275862068965747e-01 9.626168224299065379e-01
