3.066666666666666430e-01 3.055555555555555802e-01 3.846153846153846367e-01 4.594594594594594850e-01 3.254437869822485174e-01 6.666666666666666297e-01 7.878787878787878451e-01 7.083333333333333703e-01 8.928571428571429047e-01 9.310344827586206629e-01
2.727272727272727071e-01 1.875000000000000000e-01 2.727272727272727071e-01 5.384615384615384359e-01 3.030303030303030387e-01 7.187500000000000000e-01 1.000000000000000000e+00 5.454545454545454142e-01 8.571428571428570953e-01 9.245283018867924696e-01
2.500000000000000000e-01 2.857142857142856984e-01 2.727272727272727071e-01 2.000000000000000111e-01 4.000000000000000222e-01 8.333333333333333703e-01 5.000000000000000000e-01 6.363636363636363535e-01 1.000000000000000000e+00 9.583333333333333703e-01
3.250000000000000111e-01 8.333333333333332871e-02 3.076923076923077094e-01 3.225806451612903136e-01 3.508771929824561209e-01 5.625000000000000000e-01 8.750000000000000000e-01 8.333333333333333703e-01 8.181818181818182323e-01 9.038461538461538547e-01
2.820512820512820484e-01 2.142857142857142738e-01 2.258064516129032195e-01 3.454545454545454586e-01 3.804347826086956763e-01 6.797385620915032955e-01 8.000000000000000444e-01 8.399999999999999689e-01 9.272727272727272485e-01 9.162011173184357871e-01
2.926829268292682751e-01 2.750000000000000222e-01 2.941176470588235392e-01 2.857142857142856984e-01 3.758389261744966570e-01 7.401574803149606474e-01 7.714285714285714635e-01 8.947368421052631637e-01 1.000000000000000000e+00 9.440993788819875832e-01
1.944444444444444475e-01 1.666666666666666574e-01 5.000000000000000000e-01 3.888888888888888951e-01 2.888888888888888618e-01 6.774193548387096309e-01 5.454545454545454142e-01 8.000000000000000444e-01 8.666666666666666963e-01 8.571428571428570953e-01
2.777777777777777901e-01 2.142857142857142738e-01 5.000000000000000000e-01 3.333333333333333148e-01 4.375000000000000000e-01 5.625000000000000000e-01 5.714285714285713969e-01 6.153846153846154188e-01 9.375000000000000000e-01 1.000000000000000000e+00
2.424242424242424310e-01 4.000000000000000222e-01 2.727272727272727071e-01 2.941176470588235392e-01 3.220338983050847204e-01 6.153846153846154188e-01 9.285714285714286031e-01 8.000000000000000444e-01 9.000000000000000222e-01 9.433962264150943522e-01
2.531645569620253333e-01 4.117647058823529216e-01 1.481481481481481399e-01 2.812500000000000000e-01 3.391812865497075835e-01 6.490066225165562752e-01 8.000000000000000444e-01 8.461538461538461453e-01 9.310344827586206629e-01 9.542857142857142927e-01
