1.428571428571428492e-01 1.111111111111111049e-01 0.000000000000000000e+00 2.105263157894736725e-01 3.333333333333333148e-01 5.714285714285713969e-01 8.000000000000000444e-01 9.090909090909090606e-01 8.571428571428570953e-01 9.499999999999999556e-01
1.000000000000000056e-01 1.875000000000000000e-01 2.380952380952380820e-01 2.500000000000000000e-01 3.055555555555555802e-01 3.750000000000000000e-01 5.000000000000000000e-01 7.058823529411765163e-01 8.800000000000000044e-01 9.565217391304348116e-01
2.142857142857142738e-01 6.250000000000000000e-02 1.034482758620689641e-01 3.333333333333333148e-01 3.333333333333333148e-01 1.666666666666666574e-01 6.666666666666666297e-01 6.451612903225806273e-01 8.857142857142856762e-01 9.538461538461538991e-01
2.142857142857142738e-01 6.896551724137930939e-02 1.052631578947368363e-01 2.500000000000000000e-01 2.790697674418604612e-01 5.652173913043477826e-01 6.129032258064516236e-01 6.862745098039215730e-01 8.481012658227847778e-01 9.411764705882352811e-01
3.333333333333333287e-02 1.363636363636363535e-01 1.206896551724137984e-01 2.736842105263158076e-01 3.825503355704698016e-01 4.642857142857143016e-01 5.238095238095238360e-01 6.610169491525423879e-01 8.928571428571429047e-01 9.365079365079365115e-01
2.500000000000000000e-01 5.454545454545454142e-01 2.500000000000000000e-01 3.333333333333333148e-01 2.432432432432432567e-01 8.000000000000000444e-01 8.333333333333333703e-01 8.000000000000000444e-01 8.571428571428570953e-01 9.642857142857143016e-01
1.666666666666666574e-01 4.285714285714285476e-01 2.000000000000000111e-01 4.400000000000000022e-01 3.947368421052631637e-01 3.333333333333333148e-01 6.666666666666666297e-01 1.000000000000000000e+00 9.666666666666666741e-01 9.019607843137255054e-01
0.000000000000000000e+00 1.578947368421052544e-01 1.111111111111111049e-01 1.818181818181818232e-01 2.916666666666666852e-01 4.545454545454545303e-01 5.263157894736841813e-01 6.363636363636363535e-01 8.421052631578946901e-01 9.843750000000000000e-01
5.555555555555555247e-02 1.379310344827586188e-01 1.136363636363636326e-01 2.238805970149253810e-01 3.170731707317073211e-01 4.117647058823529216e-01 5.357142857142856984e-01 7.380952380952381375e-01 9.375000000000000000e-01 9.583333333333333703e-01
8.000000000000000167e-02 1.794871794871794879e-01 1.449275362318840632e-01 1.666666666666666574e-01 3.506493506493506551e-01 2.903225806451613100e-01 5.142857142857142350e-01 6.666666666666666297e-01 8.311688311688312236e-01 9.716312056737588243e-01
