1.726804123711340178e-01 1.686746987951807109e-01 3.090909090909090828e-01 2.317073170731707432e-01 3.642691415313225045e-01 5.506849315068492734e-01 7.307692307692307265e-01 7.368421052631578538e-01 8.695652173913043237e-01 9.575000000000000178e-01
2.272727272727272652e-01 1.600000000000000033e-01 2.500000000000000000e-01 1.282051282051281937e-01 4.845360824742268036e-01 5.421686746987951500e-01 5.757575757575758013e-01 5.500000000000000444e-01 7.500000000000000000e-01 9.561403508771929571e-01
2.058823529411764608e-01 1.250000000000000000e-01 8.695652173913043237e-02 2.619047619047619180e-01 3.116883116883116811e-01 5.490196078431373028e-01 7.142857142857143016e-01 7.272727272727272929e-01 8.653846153846154188e-01 9.531250000000000000e-01
1.489361702127659504e-01 8.823529411764706454e-02 1.190476190476190410e-01 2.399999999999999911e-01 3.673469387755102233e-01 5.000000000000000000e-01 6.097560975609755962e-01 6.470588235294117974e-01 9.210526315789473450e-01 9.345238095238095344e-01
1.621621621621621712e-01 2.258064516129032195e-01 1.756756756756756854e-01 2.986111111111111049e-01 3.205944798301486043e-01 5.516431924882628790e-01 6.363636363636363535e-01 7.249999999999999778e-01 9.246575342465753744e-01 9.637826961770623591e-01
1.679197994987468578e-01 1.749999999999999889e-01 2.280701754385964786e-01 3.333333333333333148e-01 3.900000000000000133e-01 5.923076923076923128e-01 6.179775280898875955e-01 7.297297297297297147e-01 8.673469387755101678e-01 9.648241206030150341e-01
2.564102564102563875e-01 1.923076923076923184e-01 2.413793103448275967e-01 2.972972972972973138e-01 3.400000000000000244e-01 5.357142857142856984e-01 7.222222222222222099e-01 7.741935483870967527e-01 8.666666666666666963e-01 9.819819819819819440e-01
4.761904761904761640e-02 3.181818181818181768e-01 1.111111111111111049e-01 1.428571428571428492e-01 4.430379746835442778e-01 5.000000000000000000e-01 6.818181818181817677e-01 7.241379310344827624e-01 8.235294117647058432e-01 9.506172839506172867e-01
8.333333333333332871e-02 2.708333333333333148e-01 1.190476190476190410e-01 3.521126760563380031e-01 3.548387096774193727e-01 5.595238095238095344e-01 5.882352941176470784e-01 7.727272727272727071e-01 9.090909090909090606e-01 9.452054794520547976e-01
1.721311475409836034e-01 1.743119266055045968e-01 1.470588235294117696e-01 2.215568862275449080e-01 3.735408560311284099e-01 5.633802816901408717e-01 5.454545454545454142e-01 7.500000000000000000e-01 8.838709677419355204e-01 9.617706237424547000e-01
