2.145454545454545392e-01 2.135922330097087263e-01 2.068965517241379282e-01 3.228346456692913202e-01 3.558394160583941424e-01 6.437613019891500477e-01 7.387387387387387427e-01 7.543859649122807154e-01 9.115646258503401489e-01 9.485294117647058432e-01
2.000000000000000111e-01 1.777777777777777846e-01 2.647058823529411797e-01 1.818181818181818232e-01 3.455882352941176405e-01 5.478260869565216851e-01 6.470588235294117974e-01 7.096774193548387455e-01 8.245614035087719396e-01 9.530201342281878762e-01
1.967213114754098324e-01 1.000000000000000056e-01 1.428571428571428492e-01 3.125000000000000000e-01 3.628318584070796549e-01 4.333333333333333481e-01 7.307692307692307265e-01 7.380952380952381375e-01 9.047619047619047672e-01 9.256198347107438273e-01
2.105263157894736725e-01 1.724137931034482873e-01 1.967213114754098324e-01 2.631578947368420907e-01 3.279569892473118142e-01 5.952380952380952328e-01 6.842105263157894912e-01 6.935483870967742437e-01 8.640776699029125707e-01 9.293478260869565410e-01
1.833910034602076189e-01 1.901408450704225317e-01 1.584158415841584178e-01 3.179487179487179294e-01 3.823088455772113980e-01 5.571955719557195597e-01 5.695364238410596247e-01 7.232142857142856984e-01 8.761467889908256534e-01 9.614814814814814925e-01
2.138728323699422007e-01 2.857142857142856984e-01 4.000000000000000222e-01 3.137254901960784270e-01 3.881355932203389703e-01 6.616822429906542569e-01 8.062015503875968880e-01 8.656716417910447214e-01 9.027777777777777901e-01 9.404096834264431548e-01
2.540983606557377095e-01 3.103448275862069061e-01 2.142857142857142738e-01 4.426229508196721230e-01 3.988095238095238360e-01 5.462962962962962798e-01 7.027027027027027417e-01 1.000000000000000000e+00 9.565217391304348116e-01 9.194630872483221529e-01
2.037037037037036924e-01 2.631578947368420907e-01 1.388888888888888951e-01 1.754385964912280604e-01 2.845528455284552782e-01 5.806451612903226200e-01 6.571428571428571397e-01 6.500000000000000222e-01 8.750000000000000000e-01 9.716981132075471761e-01
1.142857142857142821e-01 1.911764705882352811e-01 2.181818181818181712e-01 2.580645161290322509e-01 3.791208791208791062e-01 5.092592592592593004e-01 6.122448979591836871e-01 6.833333333333333481e-01 9.404761904761904656e-01 9.656652360515021183e-01
1.945525291828793801e-01 1.958041958041958075e-01 1.854838709677419373e-01 2.173913043478260809e-01 3.377192982456140302e-01 5.500000000000000444e-01 5.999999999999999778e-01 6.875000000000000000e-01 8.829787234042553168e-01 9.666666666666666741e-01
