2.142857142857142738e-01 2.479999999999999982e-01 2.000000000000000111e-01 3.664122137404580148e-01 3.429541595925297282e-01 5.628626692456479841e-01 7.281553398058252524e-01 7.424242424242424310e-01 8.549618320610686828e-01 9.499999999999999556e-01
1.730769230769230727e-01 1.136363636363636326e-01 2.105263157894736725e-01 2.999999999999999889e-01 3.694267515923566614e-01 5.877192982456140857e-01 8.275862068965517127e-01 7.222222222222222099e-01 8.043478260869565410e-01 9.477124183006535585e-01
2.133333333333333470e-01 1.612903225806451568e-01 1.764705882352941291e-01 2.000000000000000111e-01 4.086021505376344343e-01 5.774647887323943740e-01 4.054054054054054279e-01 7.804878048780488076e-01 9.322033898305084332e-01 9.523809523809523281e-01
1.627906976744186163e-01 1.724137931034482873e-01 1.780821917808219079e-01 2.000000000000000111e-01 3.664921465968586367e-01 5.140845070422535024e-01 6.515151515151514916e-01 7.692307692307692735e-01 8.352941176470588536e-01 9.356725146198829890e-01
2.146596858638743499e-01 2.550335570469798863e-01 2.033898305084745894e-01 2.537313432835821003e-01 3.483483483483483245e-01 6.070175438596491224e-01 6.375838926174496324e-01 7.395833333333333703e-01 9.141414141414141437e-01 9.422222222222221832e-01
2.166666666666666741e-01 2.079999999999999905e-01 2.950819672131147486e-01 3.070175438596491335e-01 3.868092691622103119e-01 6.141078838174274246e-01 6.899224806201550431e-01 7.575757575757575690e-01 9.117647058823529216e-01 9.599303135888501703e-01
1.121495327102803724e-01 1.111111111111111049e-01 3.448275862068965747e-01 3.035714285714285476e-01 3.846153846153846367e-01 5.798319327731092931e-01 5.333333333333333259e-01 7.187500000000000000e-01 8.490566037735849392e-01 9.241379310344827180e-01
1.346153846153846090e-01 1.562500000000000000e-01 4.444444444444444198e-01 2.631578947368420907e-01 4.336283185840708043e-01 6.315789473684210176e-01 4.687500000000000000e-01 7.111111111111111382e-01 8.793103448275861878e-01 9.759999999999999787e-01
2.014925373134328346e-01 1.836734693877551117e-01 1.702127659574468044e-01 2.444444444444444364e-01 3.523809523809524058e-01 5.360000000000000320e-01 7.647058823529411242e-01 6.842105263157894912e-01 8.989898989898990056e-01 9.646464646464646409e-01
1.872727272727272851e-01 2.460317460317460181e-01 1.100000000000000006e-01 3.027522935779816682e-01 3.482972136222910464e-01 6.064189189189189699e-01 7.229729729729730270e-01 7.403846153846154188e-01 9.198113207547169434e-01 9.617647058823529660e-01
