2.738853503184713323e-01 2.857142857142856984e-01 2.857142857142856984e-01 3.421052631578947456e-01 3.580246913580246715e-01 6.870748299319727748e-01 9.062500000000000000e-01 8.750000000000000000e-01 9.523809523809523281e-01 9.477124183006535585e-01
2.571428571428571175e-01 1.250000000000000000e-01 2.222222222222222099e-01 3.333333333333333148e-01 3.191489361702127825e-01 6.857142857142857206e-01 7.500000000000000000e-01 6.250000000000000000e-01 8.571428571428570953e-01 9.749999999999999778e-01
3.333333333333333148e-01 5.000000000000000000e-01 2.727272727272727071e-01 1.666666666666666574e-01 2.962962962962962798e-01 5.555555555555555802e-01 5.714285714285713969e-01 7.777777777777777901e-01 1.000000000000000000e+00 9.375000000000000000e-01
2.857142857142856984e-01 2.105263157894736725e-01 2.142857142857142738e-01 3.214285714285714524e-01 3.230769230769230949e-01 5.882352941176470784e-01 6.666666666666666297e-01 8.499999999999999778e-01 9.565217391304348116e-01 9.333333333333333481e-01
2.922077922077921941e-01 2.500000000000000000e-01 3.461538461538461453e-01 3.750000000000000000e-01 3.371428571428571330e-01 6.923076923076922906e-01 7.837837837837837718e-01 7.027027027027027417e-01 9.200000000000000400e-01 8.971428571428571308e-01
3.023255813953488191e-01 4.062500000000000000e-01 4.166666666666666852e-01 3.333333333333333148e-01 3.703703703703703498e-01 6.503496503496503101e-01 8.484848484848485084e-01 8.888888888888888395e-01 9.032258064516128782e-01 9.473684210526315264e-01
2.187500000000000000e-01 1.666666666666666574e-01 5.000000000000000000e-01 5.000000000000000000e-01 3.902439024390244038e-01 7.105263157894736725e-01 6.666666666666666297e-01 1.000000000000000000e+00 1.000000000000000000e+00 9.111111111111110938e-01
3.846153846153846367e-01 1.000000000000000056e-01 0.000000000000000000e+00 2.941176470588235392e-01 2.857142857142856984e-01 4.285714285714285476e-01 8.461538461538461453e-01 6.363636363636363535e-01 9.230769230769231282e-01 1.000000000000000000e+00
2.903225806451613100e-01 1.250000000000000000e-01 3.636363636363636465e-01 4.761904761904761640e-01 3.859649122807017330e-01 6.111111111111111605e-01 5.000000000000000000e-01 7.272727272727272929e-01 9.333333333333333481e-01 8.909090909090908728e-01
2.453987730061349681e-01 3.095238095238095344e-01 2.307692307692307820e-01 3.035714285714285476e-01 3.624999999999999889e-01 7.368421052631578538e-01 7.555555555555555358e-01 7.307692307692307265e-01 8.965517241379310498e-01 9.468085106382978511e-01
