2.506142506142506332e-01 3.333333333333333148e-01 4.705882352941176405e-01 3.545454545454545525e-01 4.285714285714285476e-01 7.341463414634146201e-01 8.229166666666666297e-01 9.749999999999999778e-01 9.473684210526315264e-01 9.705215419501134200e-01
1.445783132530120418e-01 2.285714285714285643e-01 2.857142857142856984e-01 2.765957446808510745e-01 4.504504504504504570e-01 5.824175824175824578e-01 9.615384615384615641e-01 8.571428571428570953e-01 9.117647058823529216e-01 9.693877551020407823e-01
6.451612903225806273e-02 1.250000000000000000e-01 1.304347826086956486e-01 3.023255813953488191e-01 3.222222222222222432e-01 4.000000000000000222e-01 4.687500000000000000e-01 8.666666666666666963e-01 8.536585365853658347e-01 9.772727272727272929e-01
1.264367816091954144e-01 9.375000000000000000e-02 2.439024390243902524e-02 2.166666666666666741e-01 3.356164383561643927e-01 4.736842105263157632e-01 4.333333333333333481e-01 6.976744186046511809e-01 9.135802469135801962e-01 9.674796747967480126e-01
9.859154929577464144e-02 4.494382022471909988e-02 8.000000000000000167e-02 1.344537815126050362e-01 2.406015037593984829e-01 4.016620498614958401e-01 4.301075268817204367e-01 5.999999999999999778e-01 8.239436619718309984e-01 9.385749385749385665e-01
2.953020134228188098e-01 3.606557377049180446e-01 4.285714285714285476e-01 4.444444444444444198e-01 5.015290519877675379e-01 8.277945619335347338e-01 8.813559322033898136e-01 8.571428571428570953e-01 9.655172413793103869e-01 9.789789789789790087e-01
2.142857142857142738e-01 3.684210526315789269e-01 2.857142857142856984e-01 3.125000000000000000e-01 5.833333333333333703e-01 7.391304347826086474e-01 8.387096774193548709e-01 9.230769230769231282e-01 9.375000000000000000e-01 9.914529914529914834e-01
1.428571428571428492e-01 1.199999999999999956e-01 1.600000000000000033e-01 4.210526315789473450e-01 4.268292682926829174e-01 4.054054054054054279e-01 5.416666666666666297e-01 8.461538461538461453e-01 9.756097560975609539e-01 9.861111111111111605e-01
7.058823529411764608e-02 1.363636363636363535e-01 1.000000000000000056e-01 2.124999999999999944e-01 3.508771929824561209e-01 4.181818181818181546e-01 5.614035087719297934e-01 5.961538461538461453e-01 9.210526315789473450e-01 9.777777777777777457e-01
1.067415730337078622e-01 1.157024793388429784e-01 9.090909090909091161e-02 1.957671957671957563e-01 2.957746478873239382e-01 3.838174273858921404e-01 5.166666666666667185e-01 6.122448979591836871e-01 8.125000000000000000e-01 9.337641357027464117e-01
