2.733333333333333171e-01 2.068965517241379282e-01 3.333333333333333148e-01 3.529411764705882582e-01 3.133333333333333526e-01 7.430555555555555802e-01 7.586206896551723755e-01 7.894736842105263275e-01 9.761904761904761640e-01 9.366197183098591283e-01
2.857142857142856984e-01 1.538461538461538547e-01 2.999999999999999889e-01 2.222222222222222099e-01 4.193548387096774355e-01 5.945945945945946276e-01 8.888888888888888395e-01 7.500000000000000000e-01 9.230769230769231282e-01 9.375000000000000000e-01
3.076923076923077094e-01 2.000000000000000111e-01 3.333333333333333148e-01 3.684210526315789269e-01 2.692307692307692180e-01 6.470588235294117974e-01 8.888888888888888395e-01 8.333333333333333703e-01 1.000000000000000000e+00 8.787878787878787845e-01
2.500000000000000000e-01 1.764705882352941291e-01 2.666666666666666630e-01 4.000000000000000222e-01 3.103448275862069061e-01 7.916666666666666297e-01 6.923076923076922906e-01 7.368421052631578538e-01 8.260869565217391353e-01 9.607843137254902244e-01
3.313253012048192891e-01 3.513513513513513709e-01 2.083333333333333426e-01 4.310344827586206629e-01 3.222222222222222432e-01 6.891891891891891442e-01 7.105263157894736725e-01 8.275862068965517127e-01 9.074074074074074403e-01 9.388888888888888840e-01
2.518518518518518268e-01 1.891891891891891997e-01 3.333333333333333148e-01 2.222222222222222099e-01 3.540372670807453437e-01 6.543209876543210068e-01 7.894736842105263275e-01 8.181818181818182323e-01 9.459459459459459429e-01 9.171974522292993814e-01
2.826086956521738913e-01 3.750000000000000000e-01 3.333333333333333148e-01 4.705882352941176405e-01 4.390243902439024404e-01 6.818181818181817677e-01 9.090909090909090606e-01 1.000000000000000000e+00 1.000000000000000000e+00 8.285714285714286254e-01
2.352941176470588203e-01 3.333333333333333148e-01 2.307692307692307820e-01 0.000000000000000000e+00 3.125000000000000000e-01 6.428571428571429047e-01 8.750000000000000000e-01 5.555555555555555802e-01 9.375000000000000000e-01 9.666666666666666741e-01
1.794871794871794879e-01 2.777777777777777901e-01 2.000000000000000111e-01 3.333333333333333148e-01 4.038461538461538547e-01 6.129032258064516236e-01 8.888888888888888395e-01 8.000000000000000444e-01 9.523809523809523281e-01 9.264705882352941568e-01
2.792207792207792028e-01 3.404255319148936088e-01 3.225806451612903136e-01 3.125000000000000000e-01 3.937823834196891304e-01 6.415094339622641195e-01 7.272727272727272929e-01 6.400000000000000133e-01 8.695652173913043237e-01 9.615384615384615641e-01
