0.000000000000000000e+00 0.000000000000000000e+00 3.333333333333333148e-01 4.000000000000000222e-01 4.615384615384615641e-01 3.333333333333333148e-01 1.000000000000000000e+00 1.000000000000000000e+00 1.000000000000000000e+00 9.000000000000000222e-01
0.000000000000000000e+00 1.111111111111111049e-01 8.333333333333332871e-02 2.000000000000000111e-01 4.615384615384615641e-01 5.000000000000000000e-01 7.500000000000000000e-01 1.000000000000000000e+00 1.000000000000000000e+00 1.000000000000000000e+00
0.000000000000000000e+00 0.000000000000000000e+00 0.000000000000000000e+00 1.000000000000000056e-01 4.545454545454545303e-01 5.000000000000000000e-01 5.000000000000000000e-01 8.823529411764705621e-01 9.333333333333333481e-01 9.411764705882352811e-01
2.000000000000000111e-01 1.111111111111111049e-01 1.818181818181818232e-01 1.111111111111111049e-01 3.488372093023255904e-01 3.333333333333333148e-01 5.000000000000000000e-01 6.666666666666666297e-01 9.499999999999999556e-01 9.375000000000000000e-01
5.555555555555555247e-02 1.000000000000000056e-01 1.428571428571428492e-01 1.034482758620689641e-01 2.380952380952380820e-01 2.500000000000000000e-01 3.333333333333333148e-01 5.151515151515151381e-01 8.478260869565217295e-01 9.024390243902439268e-01
0.000000000000000000e+00 3.333333333333333148e-01 5.000000000000000000e-01 6.666666666666666297e-01 1.000000000000000000e+00 6.666666666666666297e-01 1.000000000000000000e+00 1.000000000000000000e+00 8.000000000000000444e-01 1.000000000000000000e+00
0.000000000000000000e+00 2.500000000000000000e-01 0.000000000000000000e+00 0.000000000000000000e+00 5.833333333333333703e-01 5.000000000000000000e-01 8.571428571428570953e-01 1.000000000000000000e+00 1.000000000000000000e+00 9.375000000000000000e-01
2.500000000000000000e-01 0.000000000000000000e+00 2.222222222222222099e-01 4.666666666666666741e-01 3.478260869565217295e-01 1.000000000000000000e+00 2.857142857142856984e-01 8.571428571428570953e-01 1.000000000000000000e+00 9.599999999999999645e-01
1.333333333333333315e-01 1.666666666666666574e-01 8.000000000000000167e-02 2.500000000000000000e-01 2.962962962962962798e-01 7.500000000000000000e-01 5.000000000000000000e-01 6.666666666666666297e-01 8.823529411764705621e-01 1.000000000000000000e+00
0.000000000000000000e+00 0.000000000000000000e+00 8.333333333333332871e-02 2.647058823529411797e-01 1.777777777777777846e-01 1.250000000000000000e-01 5.454545454545454142e-01 5.384615384615384359e-01 7.586206896551723755e-01 8.809523809523809312e-01
