2.209944751381215378e-01 2.093023255813953598e-01 1.724137931034482873e-01 2.619047619047619180e-01 2.222222222222222099e-01 6.456310679611650949e-01 6.428571428571429047e-01 5.555555555555555802e-01 9.111111111111110938e-01 9.354838709677418818e-01
2.051282051282051211e-01 8.333333333333332871e-02 2.222222222222222099e-01 7.142857142857142461e-02 1.754385964912280604e-01 6.486486486486486847e-01 6.923076923076922906e-01 5.454545454545454142e-01 8.333333333333333703e-01 9.499999999999999556e-01
1.578947368421052544e-01 7.142857142857142461e-02 4.444444444444444198e-01 2.380952380952380820e-01 2.195121951219512202e-01 5.238095238095238360e-01 7.500000000000000000e-01 5.000000000000000000e-01 9.333333333333333481e-01 9.107142857142856984e-01
1.860465116279069742e-01 4.545454545454545303e-01 2.857142857142856984e-01 2.368421052631578816e-01 2.739726027397260122e-01 6.458333333333333703e-01 6.250000000000000000e-01 7.857142857142856984e-01 8.076923076923077094e-01 9.107142857142856984e-01
1.722222222222222210e-01 2.093023255813953598e-01 1.538461538461538547e-01 2.343750000000000000e-01 3.260869565217391353e-01 6.022099447513812320e-01 5.490196078431373028e-01 6.756756756756756577e-01 9.142857142857142572e-01 9.455445544554454962e-01
2.011494252873563260e-01 2.045454545454545581e-01 2.500000000000000000e-01 2.187500000000000000e-01 2.916666666666666852e-01 6.493506493506493449e-01 8.372093023255814392e-01 8.499999999999999778e-01 8.888888888888888395e-01 8.913043478260869179e-01
1.956521739130434867e-01 1.818181818181818232e-01 1.000000000000000056e-01 4.782608695652174058e-01 2.711864406779661008e-01 5.428571428571428159e-01 8.333333333333333703e-01 1.000000000000000000e+00 9.333333333333333481e-01 9.215686274509803377e-01
1.052631578947368363e-01 3.636363636363636465e-01 1.428571428571428492e-01 8.333333333333332871e-02 6.818181818181817677e-02 7.368421052631578538e-01 7.500000000000000000e-01 5.999999999999999778e-01 7.368421052631578538e-01 9.487179487179486781e-01
6.666666666666666574e-02 4.000000000000000083e-02 2.727272727272727071e-01 2.580645161290322509e-01 2.333333333333333370e-01 5.789473684210526550e-01 6.363636363636363535e-01 6.666666666666666297e-01 8.399999999999999689e-01 9.466666666666666563e-01
1.764705882352941291e-01 2.600000000000000089e-01 2.439024390243902385e-01 1.594202898550724501e-01 2.294372294372294396e-01 5.820105820105819783e-01 5.106382978723403854e-01 7.307692307692307265e-01 8.421052631578946901e-01 9.578544061302681767e-01
