1.637717121588089242e-01 2.272727272727272652e-01 2.727272727272727071e-01 2.417582417582417598e-01 3.666666666666666408e-01 5.912596401028277215e-01 6.231884057971014412e-01 8.627450980392157298e-01 8.666666666666666963e-01 9.505882352941176228e-01
1.351351351351351426e-01 1.250000000000000000e-01 8.000000000000000167e-02 2.187500000000000000e-01 3.859649122807017330e-01 4.606741573033708015e-01 4.285714285714285476e-01 6.363636363636363535e-01 9.130434782608695121e-01 9.478260869565217073e-01
1.034482758620689641e-01 1.739130434782608647e-01 1.764705882352941291e-01 2.978723404255319007e-01 3.857142857142857317e-01 5.000000000000000000e-01 6.666666666666666297e-01 6.896551724137931494e-01 8.222222222222221877e-01 9.714285714285714191e-01
1.855670103092783574e-01 1.627906976744186163e-01 1.666666666666666574e-01 2.698412698412698263e-01 3.870967741935483764e-01 5.794392523364485514e-01 6.037735849056603543e-01 6.274509803921568540e-01 8.874999999999999556e-01 9.777777777777777457e-01
1.788413098236775745e-01 1.932773109243697551e-01 1.931818181818181768e-01 2.481203007518796855e-01 3.575525812619502752e-01 5.520581113801452666e-01 6.090909090909091272e-01 7.500000000000000000e-01 8.846153846153845812e-01 9.586056644880174282e-01
1.581769436997318978e-01 1.830985915492957805e-01 2.758620689655172376e-01 2.363636363636363591e-01 3.832923832923832985e-01 5.839793281653746782e-01 7.402597402597402843e-01 7.500000000000000000e-01 8.191489361702127825e-01 9.712918660287080952e-01
1.929824561403508665e-01 1.034482758620689641e-01 2.500000000000000000e-01 3.947368421052631637e-01 3.679245283018867663e-01 4.687500000000000000e-01 7.727272727272727071e-01 8.000000000000000444e-01 8.571428571428570953e-01 9.491525423728813804e-01
1.749999999999999889e-01 7.407407407407406996e-02 1.818181818181818232e-01 2.448979591836734637e-01 3.246753246753246724e-01 6.969696969696970168e-01 5.625000000000000000e-01 7.500000000000000000e-01 8.780487804878048808e-01 9.887640449438201973e-01
1.604938271604938183e-01 1.590909090909090884e-01 3.448275862068965469e-02 2.758620689655172376e-01 3.485714285714285876e-01 4.777777777777778012e-01 5.277777777777777901e-01 6.122448979591836871e-01 8.815789473684210176e-01 9.650349650349649977e-01
1.771844660194174803e-01 2.547169811320754707e-01 1.632653061224489666e-01 2.515723270440251569e-01 3.615702479338843145e-01 5.555555555555555802e-01 6.356589147286821895e-01 7.460317460317460458e-01 9.436619718309858795e-01 9.484126984126983739e-01
