0.000000000000000000e+00 0.000000000000000000e+00 2.500000000000000000e-01 4.000000000000000222e-01 0.000000000000000000e+00 0.000000000000000000e+00 1.000000000000000000e+00 6.666666666666666297e-01 5.000000000000000000e-01 1.000000000000000000e+00
0.000000000000000000e+00 0.000000000000000000e+00 2.500000000000000000e-01 1.666666666666666574e-01 3.333333333333333148e-01 4.000000000000000222e-01 1.000000000000000000e+00 7.500000000000000000e-01 8.000000000000000444e-01 1.000000000000000000e+00
0.000000000000000000e+00 2.000000000000000111e-01 2.857142857142856984e-01 5.000000000000000000e-01 8.333333333333332871e-02 8.333333333333333703e-01 5.000000000000000000e-01 1.000000000000000000e+00 8.750000000000000000e-01 9.310344827586206629e-01
0.000000000000000000e+00 0.000000000000000000e+00 1.250000000000000000e-01 3.529411764705882582e-01 6.315789473684210176e-01 2.000000000000000111e-01 2.500000000000000000e-01 1.000000000000000000e+00 8.235294117647058432e-01 9.200000000000000400e-01
0.000000000000000000e+00 3.636363636363636465e-01 1.428571428571428492e-01 2.857142857142856984e-01 3.414634146341463672e-01 6.666666666666666297e-01 5.714285714285713969e-01 5.625000000000000000e-01 9.354838709677418818e-01 9.210526315789473450e-01
0.000000000000000000e+00 0.000000000000000000e+00 0.000000000000000000e+00 0.000000000000000000e+00 0.000000000000000000e+00 3.333333333333333148e-01 1.000000000000000000e+00 8.000000000000000444e-01 1.000000000000000000e+00 1.000000000000000000e+00
3.333333333333333148e-01 0.000000000000000000e+00 6.666666666666666297e-01 1.428571428571428492e-01 3.750000000000000000e-01 6.666666666666666297e-01 1.000000000000000000e+00 8.000000000000000444e-01 1.000000000000000000e+00 1.000000000000000000e+00
2.000000000000000111e-01 5.714285714285713969e-01 0.000000000000000000e+00 1.111111111111111049e-01 4.000000000000000222e-01 5.000000000000000000e-01 1.000000000000000000e+00 1.000000000000000000e+00 7.142857142857143016e-01 1.000000000000000000e+00
0.000000000000000000e+00 2.500000000000000000e-01 2.000000000000000111e-01 5.000000000000000000e-01 3.448275862068965747e-01 8.000000000000000444e-01 5.000000000000000000e-01 5.714285714285713969e-01 8.333333333333333703e-01 9.090909090909090606e-01
8.333333333333332871e-02 8.333333333333332871e-02 2.307692307692307820e-01 7.142857142857142461e-02 3.243243243243243423e-01 1.666666666666666574e-01 5.999999999999999778e-01 6.956521739130434590e-01 9.200000000000000400e-01 9.473684210526315264e-01
