2.000000000000000111e-01 2.429906542056074759e-01 2.461538461538461675e-01 3.529411764705882582e-01 3.523489932885905951e-01 6.122448979591836871e-01 7.706422018348624281e-01 7.500000000000000000e-01 8.977272727272727071e-01 9.537671232876712146e-01
2.118644067796610075e-01 2.058823529411764608e-01 1.562500000000000000e-01 3.333333333333333148e-01 3.758389261744966570e-01 6.090909090909091272e-01 6.363636363636363535e-01 8.000000000000000444e-01 8.545454545454544970e-01 9.583333333333333703e-01
1.914893617021276584e-01 3.157894736842105088e-01 2.432432432432432567e-01 1.971830985915492829e-01 3.392857142857143016e-01 4.814814814814814548e-01 6.744186046511627675e-01 6.551724137931034253e-01 9.032258064516128782e-01 9.499999999999999556e-01
1.694915254237288060e-01 1.754385964912280604e-01 1.269841269841269771e-01 1.839080459770114917e-01 3.658536585365853577e-01 5.806451612903226200e-01 5.000000000000000000e-01 8.000000000000000444e-01 9.115044247787610354e-01 9.728260869565217295e-01
1.936619718309859073e-01 1.836734693877551117e-01 2.477876106194690231e-01 2.872340425531915153e-01 3.551401869158878344e-01 5.825932504440497484e-01 6.527777777777777901e-01 6.614173228346457156e-01 8.985507246376811530e-01 9.383070301291248638e-01
2.189781021897810320e-01 2.479338842975206680e-01 3.333333333333333148e-01 2.999999999999999889e-01 3.598615916955017480e-01 5.906542056074766123e-01 7.227722772277227481e-01 7.213114754098360892e-01 8.382352941176470784e-01 9.617590822179732379e-01
1.769911504424778736e-01 9.302325581395348708e-02 2.083333333333333426e-01 3.658536585365853577e-01 3.157894736842105088e-01 5.245901639344262568e-01 6.216216216216216006e-01 6.206896551724138122e-01 9.454545454545454364e-01 9.440559440559440629e-01
2.156862745098039325e-01 1.304347826086956486e-01 1.219512195121951192e-01 2.777777777777777901e-01 3.965517241379310498e-01 4.615384615384615641e-01 7.254901960784313486e-01 6.774193548387096309e-01 8.867924528301887044e-01 9.430894308943089666e-01
2.416666666666666685e-01 2.068965517241379282e-01 2.075471698113207641e-01 3.404255319148936088e-01 3.878504672897196137e-01 5.652173913043477826e-01 6.842105263157894912e-01 8.064516129032257563e-01 9.300000000000000488e-01 9.436619718309858795e-01
1.848591549295774683e-01 2.244897959183673464e-01 1.568627450980392135e-01 2.391304347826087029e-01 3.797054009819967324e-01 6.139130434782609225e-01 6.303030303030302539e-01 8.076923076923077094e-01 8.798076923076922906e-01 9.585185185185185475e-01
