3.984962406015037373e-01 2.962962962962962798e-01 8.333333333333332871e-02 4.782608695652174058e-01 3.636363636363636465e-01 7.741935483870967527e-01 8.888888888888888395e-01 8.888888888888888395e-01 9.230769230769231282e-01 9.384615384615384581e-01
3.333333333333333148e-01 4.000000000000000222e-01 3.333333333333333148e-01 3.636363636363636465e-01 3.333333333333333148e-01 8.333333333333333703e-01 5.999999999999999778e-01 7.500000000000000000e-01 1.000000000000000000e+00 9.473684210526315264e-01
1.904761904761904656e-01 9.090909090909091161e-02 0.000000000000000000e+00 3.333333333333333148e-01 5.000000000000000000e-01 7.333333333333332815e-01 6.666666666666666297e-01 1.000000000000000000e+00 9.285714285714286031e-01 9.666666666666666741e-01
3.265306122448979331e-01 1.000000000000000056e-01 2.000000000000000111e-01 2.580645161290322509e-01 3.246753246753246724e-01 6.190476190476190688e-01 6.470588235294117974e-01 8.571428571428570953e-01 9.615384615384615641e-01 9.599999999999999645e-01
1.735537190082644676e-01 2.142857142857142738e-01 2.631578947368420907e-01 2.463768115942029102e-01 3.127572016460905546e-01 5.582524271844659935e-01 6.415094339622641195e-01 5.818181818181817899e-01 8.493150684931506378e-01 9.297520661157024913e-01
3.448275862068965747e-01 3.492063492063491870e-01 3.928571428571428492e-01 4.843750000000000000e-01 3.846153846153846367e-01 7.605633802816901268e-01 9.259259259259259300e-01 9.375000000000000000e-01 9.491525423728813804e-01 9.078947368421053099e-01
2.000000000000000111e-01 2.500000000000000000e-01 6.250000000000000000e-01 3.181818181818181768e-01 3.750000000000000000e-01 6.136363636363636465e-01 8.181818181818182323e-01 8.666666666666666963e-01 1.000000000000000000e+00 9.482758620689655249e-01
0.000000000000000000e+00 3.333333333333333148e-01 1.428571428571428492e-01 3.157894736842105088e-01 4.473684210526315819e-01 6.190476190476190688e-01 8.333333333333333703e-01 1.000000000000000000e+00 9.285714285714286031e-01 1.000000000000000000e+00
2.727272727272727071e-01 4.000000000000000222e-01 2.222222222222222099e-01 3.333333333333333148e-01 3.947368421052631637e-01 6.875000000000000000e-01 1.000000000000000000e+00 5.999999999999999778e-01 9.285714285714286031e-01 9.599999999999999645e-01
2.571428571428571175e-01 8.333333333333332871e-02 0.000000000000000000e+00 1.666666666666666574e-01 2.459016393442622905e-01 5.849056603773584717e-01 6.666666666666666297e-01 6.666666666666666297e-01 9.285714285714286031e-01 9.285714285714286031e-01
