1.250000000000000000e-01 0.000000000000000000e+00 4.166666666666666852e-01 3.076923076923077094e-01 2.903225806451613100e-01 0.000000000000000000e+00 6.666666666666666297e-01 6.875000000000000000e-01 9.285714285714286031e-01 9.499999999999999556e-01
2.857142857142856984e-01 2.000000000000000111e-01 2.500000000000000000e-01 2.666666666666666630e-01 4.666666666666666741e-01 4.285714285714285476e-01 5.999999999999999778e-01 7.333333333333332815e-01 8.750000000000000000e-01 1.000000000000000000e+00
7.142857142857142461e-02 8.333333333333332871e-02 7.692307692307692735e-02 2.432432432432432567e-01 1.666666666666666574e-01 5.000000000000000000e-01 5.000000000000000000e-01 6.111111111111111605e-01 7.727272727272727071e-01 9.583333333333333703e-01
5.882352941176470507e-02 1.304347826086956486e-01 4.000000000000000083e-02 2.295081967213114804e-01 3.428571428571428603e-01 4.782608695652174058e-01 4.705882352941176405e-01 5.806451612903226200e-01 8.545454545454544970e-01 9.722222222222222099e-01
3.157894736842105088e-01 1.944444444444444475e-01 6.521739130434782428e-02 3.030303030303030387e-01 3.571428571428571508e-01 3.333333333333333148e-01 6.046511627906976383e-01 7.454545454545454808e-01 9.324324324324324564e-01 9.504950495049504511e-01
0.000000000000000000e+00 2.500000000000000000e-01 0.000000000000000000e+00 2.142857142857142738e-01 5.000000000000000000e-01 5.000000000000000000e-01 6.999999999999999556e-01 7.142857142857143016e-01 8.095238095238095344e-01 9.411764705882352811e-01
0.000000000000000000e+00 2.500000000000000000e-01 2.857142857142856984e-01 1.052631578947368363e-01 2.631578947368420907e-01 5.000000000000000000e-01 6.666666666666666297e-01 6.999999999999999556e-01 9.047619047619047672e-01 1.000000000000000000e+00
0.000000000000000000e+00 2.000000000000000111e-01 2.941176470588235392e-01 3.714285714285714413e-01 4.423076923076922906e-01 1.428571428571428492e-01 6.923076923076922906e-01 6.842105263157894912e-01 8.888888888888888395e-01 9.047619047619047672e-01
1.111111111111111049e-01 5.555555555555555247e-02 6.666666666666666574e-02 2.222222222222222099e-01 2.666666666666666630e-01 3.076923076923077094e-01 5.200000000000000178e-01 7.931034482758620996e-01 8.571428571428570953e-01 9.493670886075948889e-01
1.000000000000000056e-01 1.612903225806451568e-01 3.846153846153846367e-02 1.733333333333333393e-01 3.333333333333333148e-01 4.117647058823529216e-01 5.000000000000000000e-01 6.222222222222222321e-01 8.767123287671232390e-01 9.561403508771929571e-01
