1.566579634464752013e-01 2.441860465116278966e-01 3.684210526315789269e-01 2.685185185185185452e-01 3.617511520737327069e-01 5.503875968992247847e-01 5.543478260869565410e-01 8.292682926829267887e-01 9.058823529411764719e-01 9.565217391304348116e-01
2.592592592592592449e-01 1.666666666666666574e-01 2.692307692307692180e-01 1.219512195121951192e-01 3.719008264462809743e-01 5.432098765432098464e-01 7.307692307692307265e-01 7.500000000000000000e-01 8.775510204081632404e-01 9.732142857142856984e-01
1.111111111111111049e-01 2.727272727272727071e-01 4.166666666666666435e-02 2.051282051282051211e-01 3.896103896103896291e-01 5.555555555555555802e-01 7.241379310344827624e-01 6.538461538461538547e-01 8.405797101449274944e-01 9.418604651162790775e-01
1.888888888888888840e-01 1.749999999999999889e-01 1.219512195121951192e-01 4.000000000000000222e-01 3.441558441558441594e-01 4.830508474576271083e-01 6.451612903225806273e-01 6.842105263157894912e-01 8.873239436619718701e-01 9.536423841059602502e-01
1.822660098522167482e-01 1.538461538461538547e-01 2.236842105263157909e-01 2.229729729729729715e-01 4.008264462809917328e-01 6.010230179028133168e-01 5.473684210526316152e-01 8.021978021978022344e-01 8.943661971830986213e-01 9.598470363288719165e-01
1.469816272965879245e-01 1.683168316831683275e-01 2.000000000000000111e-01 2.065217391304347838e-01 3.903061224489796088e-01 5.406091370558375742e-01 6.944444444444444198e-01 7.333333333333332815e-01 9.259259259259259300e-01 9.516908212560386549e-01
1.384615384615384692e-01 2.222222222222222099e-01 2.000000000000000111e-01 2.564102564102563875e-01 3.235294117647058987e-01 5.196078431372549433e-01 5.769230769230768718e-01 7.931034482758620996e-01 9.230769230769231282e-01 9.615384615384615641e-01
1.521739130434782705e-01 3.181818181818181768e-01 1.818181818181818232e-01 3.333333333333333148e-01 2.906976744186046679e-01 4.838709677419354982e-01 6.153846153846154188e-01 5.294117647058823595e-01 8.399999999999999689e-01 9.638554216867469826e-01
1.443298969072164817e-01 1.000000000000000056e-01 7.272727272727272374e-02 2.622950819672131284e-01 3.356643356643356779e-01 5.357142857142856984e-01 6.346153846153845812e-01 6.585365853658536883e-01 8.281250000000000000e-01 9.696969696969697239e-01
1.783919597989949701e-01 1.801801801801801717e-01 1.600000000000000033e-01 2.980132450331126059e-01 3.486430062630480053e-01 5.847665847665847183e-01 6.722689075630252642e-01 6.666666666666666297e-01 8.734177215189873333e-01 9.645833333333333481e-01
