0.000000000000000000e+00 0.000000000000000000e+00 0.000000000000000000e+00 4.444444444444444198e-01 6.250000000000000000e-01 1.000000000000000000e+00 6.666666666666666297e-01 1.000000000000000000e+00 6.666666666666666297e-01 1.000000000000000000e+00
0.000000000000000000e+00 0.000000000000000000e+00 2.727272727272727071e-01 2.222222222222222099e-01 4.000000000000000222e-01 3.333333333333333148e-01 1.666666666666666574e-01 1.000000000000000000e+00 9.000000000000000222e-01 1.000000000000000000e+00
2.500000000000000000e-01 0.000000000000000000e+00 0.000000000000000000e+00 3.499999999999999778e-01 4.545454545454545303e-01 0.000000000000000000e+00 6.666666666666666297e-01 7.500000000000000000e-01 8.571428571428570953e-01 1.000000000000000000e+00
1.538461538461538547e-01 0.000000000000000000e+00 0.000000000000000000e+00 2.307692307692307820e-01 3.478260869565217295e-01 4.444444444444444198e-01 6.923076923076922906e-01 6.470588235294117974e-01 9.090909090909090606e-01 9.629629629629629095e-01
0.000000000000000000e+00 2.307692307692307820e-01 4.347826086956521618e-02 2.500000000000000000e-01 2.558139534883721034e-01 2.222222222222222099e-01 5.000000000000000000e-01 6.363636363636363535e-01 8.936170212765957022e-01 8.529411764705882026e-01
5.000000000000000000e-01 0.000000000000000000e+00 3.333333333333333148e-01 3.333333333333333148e-01 1.428571428571428492e-01 1.000000000000000000e+00 6.666666666666666297e-01 5.999999999999999778e-01 7.500000000000000000e-01 9.090909090909090606e-01
0.000000000000000000e+00 3.333333333333333148e-01 1.666666666666666574e-01 2.857142857142856984e-01 4.000000000000000222e-01 4.000000000000000222e-01 5.714285714285713969e-01 1.000000000000000000e+00 1.000000000000000000e+00 9.565217391304348116e-01
0.000000000000000000e+00 0.000000000000000000e+00 1.428571428571428492e-01 2.000000000000000111e-01 4.400000000000000022e-01 5.000000000000000000e-01 5.999999999999999778e-01 5.000000000000000000e-01 8.750000000000000000e-01 9.411764705882352811e-01
1.000000000000000056e-01 4.000000000000000222e-01 1.250000000000000000e-01 1.052631578947368363e-01 2.258064516129032195e-01 5.000000000000000000e-01 1.000000000000000000e+00 7.058823529411765163e-01 9.583333333333333703e-01 9.361702127659574657e-01
0.000000000000000000e+00 0.000000000000000000e+00 1.724137931034482873e-01 1.428571428571428492e-01 3.392857142857143016e-01 4.444444444444444198e-01 4.166666666666666852e-01 6.190476190476190688e-01 8.095238095238095344e-01 9.318181818181817677e-01
