1.762452107279693370e-01 1.851851851851851749e-01 3.098591549295774406e-01 3.333333333333333148e-01 3.275862068965517127e-01 6.262042389210019655e-01 7.307692307692307265e-01 8.499999999999999778e-01 9.043478260869565188e-01 9.499165275459098279e-01
1.428571428571428492e-01 2.702702702702702853e-01 2.631578947368420907e-01 2.000000000000000111e-01 3.829787234042553168e-01 5.630252100840336116e-01 6.999999999999999556e-01 6.944444444444444198e-01 8.363636363636363091e-01 9.622641509433962348e-01
1.774193548387096864e-01 2.000000000000000111e-01 1.764705882352941291e-01 3.333333333333333148e-01 3.947368421052631637e-01 5.254237288135593653e-01 6.666666666666666297e-01 7.317073170731707155e-01 9.365079365079365115e-01 9.462365591397849940e-01
1.923076923076923184e-01 1.323529411764705899e-01 1.000000000000000056e-01 3.406593406593406703e-01 3.507853403141361071e-01 5.360000000000000320e-01 7.346938775510204467e-01 7.500000000000000000e-01 8.977272727272727071e-01 9.611650485436893376e-01
2.090909090909090773e-01 2.253521126760563431e-01 2.173913043478260809e-01 3.073170731707317027e-01 3.727714748784440868e-01 5.686274509803921351e-01 6.333333333333333037e-01 7.424242424242424310e-01 9.045643153526971014e-01 9.464544138929088524e-01
2.322695035460992929e-01 2.181818181818181712e-01 2.857142857142856984e-01 3.247863247863247982e-01 3.663716814159291846e-01 6.217712177121771377e-01 7.500000000000000000e-01 6.800000000000000488e-01 9.298245614035087758e-01 9.476635514018691975e-01
2.260869565217391297e-01 2.162162162162162282e-01 1.818181818181818232e-01 2.586206896551724310e-01 3.599999999999999867e-01 5.233644859813083583e-01 5.277777777777777901e-01 7.352941176470588758e-01 8.823529411764705621e-01 9.290322580645161699e-01
1.940298507462686617e-01 3.157894736842105088e-01 1.111111111111111049e-01 1.153846153846153910e-01 3.474576271186440857e-01 5.483870967741935054e-01 5.999999999999999778e-01 6.666666666666666297e-01 8.955223880597015240e-01 9.903846153846154188e-01
1.830985915492957805e-01 1.199999999999999956e-01 1.836734693877551117e-01 1.530612244897959218e-01 4.120879120879120672e-01 6.043165467625899456e-01 5.999999999999999778e-01 7.931034482758620996e-01 8.709677419354838745e-01 9.587628865979381798e-01
1.929499072356215261e-01 2.399999999999999911e-01 1.909090909090909172e-01 2.800000000000000266e-01 3.617886178861788871e-01 5.845323741007194540e-01 6.474820143884891799e-01 6.956521739130434590e-01 8.526315789473684070e-01 9.585253456221197732e-01
