0.000000000000000000e+00 5.999999999999999778e-01 1.666666666666666574e-01 3.571428571428571508e-01 1.666666666666666574e-01 1.000000000000000000e+00 5.000000000000000000e-01 1.000000000000000000e+00 1.000000000000000000e+00 1.000000000000000000e+00
0.000000000000000000e+00 0.000000000000000000e+00 2.500000000000000000e-01 2.500000000000000000e-01 2.307692307692307820e-01 5.000000000000000000e-01 1.000000000000000000e+00 1.000000000000000000e+00 8.333333333333333703e-01 1.000000000000000000e+00
0.000000000000000000e+00 1.666666666666666574e-01 2.000000000000000111e-01 1.666666666666666574e-01 1.428571428571428492e-01 0.000000000000000000e+00 3.750000000000000000e-01 8.888888888888888395e-01 8.888888888888888395e-01 1.000000000000000000e+00
2.500000000000000000e-01 0.000000000000000000e+00 6.666666666666666574e-02 2.083333333333333426e-01 2.888888888888888618e-01 8.000000000000000444e-01 6.666666666666666297e-01 7.857142857142856984e-01 8.928571428571429047e-01 1.000000000000000000e+00
1.666666666666666574e-01 1.764705882352941291e-01 1.052631578947368363e-01 1.176470588235294101e-01 2.272727272727272652e-01 4.545454545454545303e-01 5.384615384615384359e-01 5.357142857142856984e-01 6.666666666666666297e-01 9.607843137254902244e-01
3.333333333333333148e-01 6.666666666666666297e-01 5.000000000000000000e-01 5.000000000000000000e-01 1.666666666666666574e-01 6.666666666666666297e-01 1.000000000000000000e+00 1.000000000000000000e+00 1.000000000000000000e+00 9.473684210526315264e-01
0.000000000000000000e+00 0.000000000000000000e+00 5.999999999999999778e-01 4.285714285714285476e-01 0.000000000000000000e+00 6.666666666666666297e-01 5.000000000000000000e-01 1.000000000000000000e+00 1.000000000000000000e+00 1.000000000000000000e+00
0.000000000000000000e+00 1.428571428571428492e-01 0.000000000000000000e+00 2.142857142857142738e-01 2.413793103448275967e-01 5.000000000000000000e-01 7.142857142857143016e-01 1.000000000000000000e+00 9.523809523809523281e-01 1.000000000000000000e+00
0.000000000000000000e+00 1.000000000000000056e-01 2.222222222222222099e-01 4.545454545454545581e-02 1.951219512195122019e-01 6.666666666666666297e-01 5.000000000000000000e-01 4.615384615384615641e-01 8.928571428571429047e-01 9.615384615384615641e-01
6.666666666666666574e-02 7.142857142857142461e-02 0.000000000000000000e+00 1.034482758620689641e-01 2.325581395348837177e-01 5.714285714285713969e-01 4.705882352941176405e-01 5.555555555555555802e-01 7.272727272727272929e-01 8.644067796610169774e-01
