3.103448275862069061e-01 2.500000000000000000e-01 2.727272727272727071e-01 3.714285714285714413e-01 3.229813664596273282e-01 7.076923076923077316e-01 8.787878787878787845e-01 9.285714285714286031e-01 1.000000000000000000e+00 9.220779220779220520e-01
3.589743589743589758e-01 2.500000000000000000e-01 2.500000000000000000e-01 3.846153846153846367e-01 4.705882352941176405e-01 5.769230769230768718e-01 8.750000000000000000e-01 5.555555555555555802e-01 8.571428571428570953e-01 9.696969696969697239e-01
2.777777777777777901e-01 0.000000000000000000e+00 2.727272727272727071e-01 4.666666666666666741e-01 3.225806451612903136e-01 7.083333333333333703e-01 5.555555555555555802e-01 7.777777777777777901e-01 9.230769230769231282e-01 9.629629629629629095e-01
1.315789473684210453e-01 5.000000000000000000e-01 3.846153846153846367e-01 2.173913043478260809e-01 2.682926829268292845e-01 6.486486486486486847e-01 8.000000000000000444e-01 9.333333333333333481e-01 7.826086956521739468e-01 9.599999999999999645e-01
2.453987730061349681e-01 2.200000000000000011e-01 2.812500000000000000e-01 2.413793103448275967e-01 3.313609467455621571e-01 6.405228758169934089e-01 7.428571428571428825e-01 8.055555555555555802e-01 8.928571428571429047e-01 9.265536723163841915e-01
2.402597402597402565e-01 3.666666666666666408e-01 3.076923076923077094e-01 4.117647058823529216e-01 4.142011834319526686e-01 6.800000000000000488e-01 7.812500000000000000e-01 5.263157894736841813e-01 9.142857142857142572e-01 9.390243902439023849e-01
3.437500000000000000e-01 4.444444444444444198e-01 3.076923076923077094e-01 2.727272727272727071e-01 4.193548387096774355e-01 6.500000000000000222e-01 8.181818181818182323e-01 8.571428571428570953e-01 1.000000000000000000e+00 9.166666666666666297e-01
2.222222222222222099e-01 1.538461538461538547e-01 3.333333333333333148e-01 3.157894736842105088e-01 3.888888888888888951e-01 6.500000000000000222e-01 1.000000000000000000e+00 8.000000000000000444e-01 8.666666666666666963e-01 9.354838709677418818e-01
3.333333333333333148e-01 7.692307692307692735e-02 7.692307692307692735e-02 4.444444444444444198e-01 2.999999999999999889e-01 6.969696969696970168e-01 6.999999999999999556e-01 7.500000000000000000e-01 1.000000000000000000e+00 9.333333333333333481e-01
3.181818181818181768e-01 2.777777777777777901e-01 3.076923076923077094e-01 3.461538461538461453e-01 3.385416666666666852e-01 7.034482758620689280e-01 7.272727272727272929e-01 7.692307692307692735e-01 9.499999999999999556e-01 9.325842696629212947e-01
