2.025547445255474477e-01 2.346938775510204189e-01 2.727272727272727071e-01 2.777777777777777901e-01 3.539019963702359495e-01 6.204238921001926643e-01 7.058823529411765163e-01 8.769230769230769162e-01 9.041095890410958402e-01 9.430051813471502786e-01
2.123893805309734484e-01 1.562500000000000000e-01 1.351351351351351426e-01 2.666666666666666630e-01 4.054054054054054279e-01 4.869565217391304546e-01 5.909090909090909394e-01 6.129032258064516236e-01 9.000000000000000222e-01 9.527027027027027417e-01
1.447368421052631637e-01 1.250000000000000000e-01 2.142857142857142738e-01 3.387096774193548154e-01 3.663366336633663289e-01 5.781250000000000000e-01 6.388888888888888395e-01 7.105263157894736725e-01 8.448275862068965747e-01 9.690721649484536071e-01
1.703703703703703665e-01 2.456140350877192846e-01 2.089552238805970075e-01 2.558139534883721034e-01 3.575757575757576023e-01 5.972222222222222099e-01 6.349206349206348854e-01 6.969696969696970168e-01 8.640776699029125707e-01 9.729729729729730270e-01
1.982142857142857040e-01 2.011834319526627224e-01 2.166666666666666741e-01 2.460732984293193815e-01 3.511560693641618269e-01 5.759717314487632356e-01 6.413793103448275357e-01 7.661290322580645018e-01 8.870967741935483764e-01 9.496855345911949797e-01
1.821631878557874729e-01 2.376237623762376128e-01 2.857142857142856984e-01 2.777777777777777901e-01 3.923611111111111049e-01 6.108007448789571914e-01 7.522935779816514179e-01 6.595744680851063357e-01 8.449612403100774660e-01 9.621993127147766556e-01
2.471910112359550493e-01 2.340425531914893664e-01 2.727272727272727071e-01 3.673469387755102233e-01 3.795620437956204185e-01 5.220588235294117974e-01 7.878787878787878451e-01 8.125000000000000000e-01 8.985507246376811530e-01 9.415584415584415945e-01
1.896551724137930939e-01 1.000000000000000056e-01 2.142857142857142738e-01 2.647058823529411797e-01 3.451327433628318397e-01 6.792452830188678847e-01 6.818181818181817677e-01 7.631578947368421462e-01 8.750000000000000000e-01 9.749999999999999778e-01
2.195121951219512202e-01 1.403508771929824483e-01 4.761904761904761640e-02 3.294117647058823484e-01 3.361702127659574324e-01 5.365853658536585691e-01 5.652173913043477826e-01 6.461538461538461897e-01 8.977272727272727071e-01 9.556650246305419261e-01
2.155477031802120191e-01 2.605633802816901268e-01 1.935483870967741882e-01 2.748815165876777322e-01 3.550295857988165493e-01 5.958646616541353191e-01 6.589595375722543391e-01 7.528089887640448952e-01 9.450549450549450281e-01 9.442815249266862665e-01
