3.195266272189349332e-01 3.111111111111111160e-01 2.857142857142856984e-01 5.365853658536585691e-01 3.691275167785235123e-01 7.338129496402877594e-01 7.419354838709677491e-01 7.500000000000000000e-01 9.696969696969697239e-01 9.315068493150684414e-01
1.714285714285714302e-01 2.222222222222222099e-01 0.000000000000000000e+00 3.333333333333333148e-01 3.181818181818181768e-01 5.357142857142856984e-01 4.285714285714285476e-01 6.250000000000000000e-01 9.166666666666666297e-01 9.444444444444444198e-01
0.000000000000000000e+00 2.000000000000000111e-01 6.250000000000000000e-01 2.631578947368420907e-01 3.793103448275861878e-01 7.777777777777777901e-01 7.692307692307692735e-01 8.571428571428570953e-01 9.230769230769231282e-01 9.375000000000000000e-01
2.352941176470588203e-01 6.250000000000000000e-01 4.615384615384615641e-01 5.000000000000000000e-01 2.916666666666666852e-01 5.142857142857142350e-01 7.619047619047618625e-01 7.142857142857143016e-01 9.545454545454545858e-01 8.627450980392157298e-01
2.746478873239436846e-01 2.285714285714285643e-01 3.913043478260869734e-01 2.962962962962962798e-01 3.279569892473118142e-01 7.151898734177215555e-01 8.157894736842105088e-01 7.586206896551723755e-01 8.867924528301887044e-01 9.359605911330048933e-01
2.402597402597402565e-01 2.702702702702702853e-01 2.999999999999999889e-01 4.666666666666666741e-01 4.064516129032257896e-01 6.375838926174496324e-01 7.500000000000000000e-01 9.375000000000000000e-01 9.047619047619047672e-01 9.455782312925170574e-01
4.333333333333333481e-01 6.250000000000000000e-02 1.250000000000000000e-01 2.857142857142856984e-01 4.318181818181818232e-01 5.151515151515151381e-01 6.363636363636363535e-01 7.500000000000000000e-01 9.285714285714286031e-01 1.000000000000000000e+00
1.538461538461538547e-01 2.000000000000000111e-01 0.000000000000000000e+00 2.500000000000000000e-01 4.375000000000000000e-01 5.789473684210526550e-01 8.571428571428570953e-01 1.000000000000000000e+00 7.500000000000000000e-01 9.117647058823529216e-01
2.352941176470588203e-01 1.818181818181818232e-01 2.777777777777777901e-01 2.758620689655172376e-01 2.678571428571428492e-01 7.575757575757575690e-01 6.999999999999999556e-01 7.199999999999999734e-01 9.523809523809523281e-01 9.599999999999999645e-01
3.312499999999999889e-01 2.564102564102563875e-01 2.105263157894736725e-01 2.280701754385964786e-01 3.259668508287292821e-01 6.986301369863013866e-01 9.189189189189189699e-01 7.500000000000000000e-01 9.574468085106383475e-01 9.226190476190476719e-01
