2.111801242236024945e-01 8.333333333333332871e-02 2.000000000000000111e-01 2.999999999999999889e-01 3.020833333333333148e-01 5.706521739130434590e-01 7.352941176470588758e-01 7.647058823529411242e-01 9.767441860465115866e-01 9.744897959183673741e-01
1.052631578947368363e-01 4.615384615384615641e-01 2.727272727272727071e-01 3.333333333333333148e-01 3.750000000000000000e-01 5.312500000000000000e-01 5.555555555555555802e-01 6.666666666666666297e-01 8.636363636363636465e-01 9.756097560975609539e-01
1.199999999999999956e-01 2.500000000000000000e-01 3.846153846153846367e-01 2.777777777777777901e-01 3.548387096774193727e-01 6.111111111111111605e-01 5.833333333333333703e-01 6.470588235294117974e-01 8.750000000000000000e-01 9.545454545454545858e-01
1.702127659574468044e-01 5.882352941176470507e-02 0.000000000000000000e+00 2.045454545454545581e-01 4.444444444444444198e-01 5.000000000000000000e-01 5.238095238095238360e-01 6.666666666666666297e-01 8.285714285714286254e-01 9.344262295081967595e-01
2.272727272727272652e-01 1.372549019607843257e-01 6.896551724137930939e-02 3.472222222222222099e-01 3.386243386243386055e-01 6.288659793814432852e-01 6.851851851851852304e-01 7.560975609756097615e-01 9.078947368421053099e-01 9.457013574660633193e-01
1.945945945945946054e-01 2.999999999999999889e-01 1.111111111111111049e-01 2.999999999999999889e-01 3.560209424083769503e-01 6.666666666666666297e-01 7.142857142857143016e-01 8.421052631578946901e-01 8.235294117647058432e-01 9.415204678362573132e-01
1.960784313725490169e-01 2.500000000000000000e-01 5.000000000000000000e-01 1.176470588235294101e-01 5.365853658536585691e-01 5.625000000000000000e-01 6.923076923076922906e-01 7.692307692307692735e-01 9.629629629629629095e-01 9.795918367346938549e-01
1.052631578947368363e-01 1.428571428571428492e-01 2.222222222222222099e-01 3.333333333333333148e-01 3.333333333333333148e-01 4.705882352941176405e-01 8.888888888888888395e-01 6.999999999999999556e-01 8.928571428571429047e-01 9.666666666666666741e-01
1.764705882352941291e-01 1.176470588235294101e-01 7.407407407407406996e-02 2.413793103448275967e-01 3.975903614457831359e-01 4.761904761904761640e-01 7.272727272727272929e-01 9.047619047619047672e-01 7.931034482758620996e-01 9.354838709677418818e-01
2.559523809523809312e-01 1.702127659574468044e-01 9.375000000000000000e-02 2.394366197183098455e-01 3.788546255506607952e-01 5.440414507772021180e-01 6.999999999999999556e-01 6.956521739130434590e-01 9.375000000000000000e-01 9.497716894977168423e-01
