0.000000000000000000e+00 0.000000000000000000e+00 5.000000000000000000e-01 4.285714285714285476e-01 1.666666666666666574e-01 0.000000000000000000e+00 5.000000000000000000e-01 8.000000000000000444e-01 1.000000000000000000e+00 8.888888888888888395e-01
0.000000000000000000e+00 2.000000000000000111e-01 0.000000000000000000e+00 2.222222222222222099e-01 2.222222222222222099e-01 0.000000000000000000e+00 5.999999999999999778e-01 5.999999999999999778e-01 8.000000000000000444e-01 1.000000000000000000e+00
0.000000000000000000e+00 0.000000000000000000e+00 0.000000000000000000e+00 1.764705882352941291e-01 7.894736842105262720e-02 5.000000000000000000e-01 5.714285714285713969e-01 1.000000000000000000e+00 6.666666666666666297e-01 9.599999999999999645e-01
8.333333333333332871e-02 1.428571428571428492e-01 0.000000000000000000e+00 1.851851851851851749e-01 2.399999999999999911e-01 4.000000000000000222e-01 5.000000000000000000e-01 5.454545454545454142e-01 8.148148148148147696e-01 1.000000000000000000e+00
2.000000000000000111e-01 5.000000000000000000e-01 6.666666666666666574e-02 1.818181818181818232e-01 2.500000000000000000e-01 5.999999999999999778e-01 5.555555555555555802e-01 6.400000000000000133e-01 9.032258064516128782e-01 9.459459459459459429e-01
0.000000000000000000e+00 0.000000000000000000e+00 0.000000000000000000e+00 1.250000000000000000e-01 2.000000000000000111e-01 5.000000000000000000e-01 1.000000000000000000e+00 1.000000000000000000e+00 8.750000000000000000e-01 9.230769230769231282e-01
2.500000000000000000e-01 0.000000000000000000e+00 2.500000000000000000e-01 2.500000000000000000e-01 1.428571428571428492e-01 6.666666666666666297e-01 7.500000000000000000e-01 1.000000000000000000e+00 9.000000000000000222e-01 1.000000000000000000e+00
8.333333333333332871e-02 3.333333333333333148e-01 3.333333333333333148e-01 3.499999999999999778e-01 3.750000000000000000e-01 5.000000000000000000e-01 6.666666666666666297e-01 7.777777777777777901e-01 8.000000000000000444e-01 9.375000000000000000e-01
0.000000000000000000e+00 1.250000000000000000e-01 1.666666666666666574e-01 1.363636363636363535e-01 1.600000000000000033e-01 6.666666666666666297e-01 4.285714285714285476e-01 5.454545454545454142e-01 9.444444444444444198e-01 9.411764705882352811e-01
0.000000000000000000e+00 1.875000000000000000e-01 9.523809523809523281e-02 1.025641025641025605e-01 2.745098039215686514e-01 5.714285714285713969e-01 5.000000000000000000e-01 6.800000000000000488e-01 7.500000000000000000e-01 9.384615384615384581e-01
