1.780104712041884751e-01 2.247191011235954994e-01 1.489361702127659504e-01 3.297872340425531679e-01 3.499999999999999778e-01 5.167597765363128870e-01 6.999999999999999556e-01 7.619047619047618625e-01 8.446601941747572395e-01 9.566265060240963791e-01
1.267605633802816878e-01 7.142857142857142461e-02 1.851851851851851749e-01 2.162162162162162282e-01 3.870967741935483764e-01 5.365853658536585691e-01 8.000000000000000444e-01 8.000000000000000444e-01 7.948717948717948234e-01 9.599999999999999645e-01
2.033898305084745894e-01 1.250000000000000000e-01 1.304347826086956486e-01 2.000000000000000111e-01 4.117647058823529216e-01 4.905660377358490587e-01 3.870967741935483764e-01 8.333333333333333703e-01 9.090909090909090606e-01 9.506172839506172867e-01
8.988764044943819975e-02 1.956521739130434867e-01 1.499999999999999944e-01 1.449275362318840632e-01 3.731343283582089776e-01 5.000000000000000000e-01 5.799999999999999600e-01 7.500000000000000000e-01 8.412698412698412787e-01 9.495798319327730663e-01
1.894484412470023860e-01 2.710280373831775447e-01 1.954022988505747238e-01 2.191780821917808098e-01 3.360995850622406911e-01 5.803357314148680501e-01 5.877192982456140857e-01 7.042253521126760063e-01 9.090909090909090606e-01 9.516129032258064946e-01
1.835106382978723416e-01 1.764705882352941291e-01 2.954545454545454697e-01 3.139534883720930258e-01 3.907766990291262066e-01 5.690140845070422726e-01 6.595744680851063357e-01 7.021276595744680993e-01 8.834951456310680129e-01 9.661016949152542166e-01
7.042253521126760896e-02 8.333333333333332871e-02 3.043478260869565410e-01 2.631578947368420907e-01 4.193548387096774355e-01 5.454545454545454142e-01 5.263157894736841813e-01 6.818181818181817677e-01 8.421052631578946901e-01 9.454545454545454364e-01
5.882352941176470507e-02 1.111111111111111049e-01 4.117647058823529216e-01 2.500000000000000000e-01 4.320987654320987414e-01 6.585365853658536883e-01 4.400000000000000022e-01 7.500000000000000000e-01 8.571428571428570953e-01 9.673913043478260532e-01
1.881188118811881194e-01 1.282051282051281937e-01 1.388888888888888951e-01 2.328767123287671104e-01 3.642384105960264629e-01 5.000000000000000000e-01 7.027027027027027417e-01 6.595744680851063357e-01 8.987341772151898889e-01 9.724137931034482207e-01
1.607142857142857262e-01 1.847826086956521618e-01 9.589041095890410427e-02 3.116883116883116811e-01 3.515789473684210464e-01 5.918367346938775420e-01 6.893203883495145901e-01 7.051282051282051766e-01 9.155844155844156118e-01 9.643564356435643248e-01
