2.000000000000000111e-01 2.307692307692307820e-01 1.851851851851851749e-01 2.708333333333333148e-01 2.887700534759358173e-01 6.514285714285714679e-01 6.739130434782608647e-01 7.307692307692307265e-01 9.062500000000000000e-01 9.090909090909090606e-01
2.000000000000000111e-01 1.666666666666666574e-01 4.545454545454545303e-01 1.333333333333333315e-01 3.243243243243243423e-01 7.551020408163264808e-01 5.000000000000000000e-01 6.999999999999999556e-01 8.636363636363636465e-01 9.433962264150943522e-01
1.304347826086956486e-01 0.000000000000000000e+00 1.818181818181818232e-01 2.173913043478260809e-01 9.090909090909091161e-02 5.909090909090909394e-01 5.999999999999999778e-01 1.000000000000000000e+00 7.857142857142856984e-01 9.729729729729730270e-01
2.200000000000000011e-01 2.000000000000000111e-01 1.250000000000000000e-01 1.764705882352941291e-01 2.666666666666666630e-01 5.263157894736841813e-01 5.454545454545454142e-01 5.384615384615384359e-01 7.837837837837837718e-01 9.850746268656715987e-01
1.783783783783783883e-01 3.437500000000000000e-01 1.818181818181818232e-01 2.075471698113207641e-01 2.706422018348623726e-01 6.145833333333333703e-01 6.721311475409835756e-01 6.285714285714285587e-01 8.709677419354838745e-01 9.367088607594936667e-01
1.559139784946236562e-01 1.590909090909090884e-01 4.285714285714285476e-01 2.142857142857142738e-01 2.361809045226130610e-01 6.123595505617978052e-01 7.878787878787878451e-01 8.499999999999999778e-01 9.230769230769231282e-01 9.378531073446327859e-01
1.724137931034482873e-01 2.142857142857142738e-01 1.538461538461538547e-01 3.333333333333333148e-01 1.960784313725490169e-01 6.333333333333333037e-01 7.142857142857143016e-01 7.500000000000000000e-01 9.000000000000000222e-01 9.272727272727272485e-01
1.176470588235294101e-01 3.333333333333333148e-01 2.727272727272727071e-01 3.478260869565217295e-01 3.170731707317073211e-01 5.333333333333333259e-01 5.833333333333333703e-01 8.000000000000000444e-01 8.620689655172413257e-01 9.687500000000000000e-01
2.195121951219512202e-01 5.263157894736841813e-02 2.083333333333333426e-01 1.612903225806451568e-01 2.380952380952380820e-01 5.777777777777777235e-01 6.923076923076922906e-01 6.875000000000000000e-01 9.629629629629629095e-01 9.402985074626866169e-01
2.080924855491329550e-01 2.241379310344827624e-01 2.093023255813953598e-01 2.162162162162162282e-01 2.489626556016597547e-01 5.923913043478260532e-01 5.652173913043477826e-01 6.486486486486486847e-01 8.548387096774193727e-01 9.227642276422763912e-01
