0.000000000000000000e+00 1.428571428571428492e-01 5.000000000000000000e-01 5.000000000000000000e-01 4.285714285714285476e-01 3.333333333333333148e-01 7.500000000000000000e-01 1.000000000000000000e+00 8.571428571428570953e-01 1.000000000000000000e+00
0.000000000000000000e+00 6.250000000000000000e-01 5.714285714285713969e-01 1.250000000000000000e-01 4.285714285714285476e-01 3.333333333333333148e-01 6.666666666666666297e-01 8.571428571428570953e-01 1.000000000000000000e+00 1.000000000000000000e+00
3.333333333333333148e-01 2.000000000000000111e-01 0.000000000000000000e+00 3.888888888888888951e-01 3.913043478260869734e-01 5.000000000000000000e-01 5.000000000000000000e-01 1.000000000000000000e+00 1.000000000000000000e+00 9.599999999999999645e-01
2.500000000000000000e-01 0.000000000000000000e+00 0.000000000000000000e+00 3.809523809523809312e-01 5.666666666666666519e-01 2.222222222222222099e-01 2.999999999999999889e-01 6.363636363636363535e-01 9.200000000000000400e-01 9.259259259259259300e-01
0.000000000000000000e+00 8.333333333333332871e-02 4.347826086956521618e-02 3.666666666666666408e-01 3.684210526315789269e-01 2.727272727272727071e-01 5.714285714285713969e-01 5.999999999999999778e-01 8.437500000000000000e-01 9.574468085106383475e-01
1.000000000000000000e+00 0.000000000000000000e+00 2.500000000000000000e-01 2.500000000000000000e-01 5.555555555555555802e-01 0.000000000000000000e+00 5.000000000000000000e-01 1.000000000000000000e+00 1.000000000000000000e+00 1.000000000000000000e+00
6.666666666666666297e-01 5.000000000000000000e-01 6.250000000000000000e-01 1.111111111111111049e-01 6.999999999999999556e-01 5.000000000000000000e-01 7.777777777777777901e-01 6.666666666666666297e-01 1.000000000000000000e+00 9.411764705882352811e-01
0.000000000000000000e+00 5.000000000000000000e-01 1.000000000000000056e-01 5.625000000000000000e-01 7.222222222222222099e-01 3.333333333333333148e-01 8.333333333333333703e-01 8.571428571428570953e-01 1.000000000000000000e+00 1.000000000000000000e+00
0.000000000000000000e+00 6.666666666666666574e-02 0.000000000000000000e+00 1.578947368421052544e-01 4.871794871794871695e-01 4.444444444444444198e-01 7.142857142857143016e-01 8.000000000000000444e-01 1.000000000000000000e+00 1.000000000000000000e+00
1.538461538461538547e-01 1.538461538461538547e-01 0.000000000000000000e+00 2.500000000000000000e-01 3.050847457627118842e-01 0.000000000000000000e+00 6.999999999999999556e-01 5.555555555555555802e-01 8.636363636363636465e-01 9.583333333333333703e-01
