1.852861035422343206e-01 1.630434782608695676e-01 1.739130434782608647e-01 2.626262626262626521e-01 4.057279236276849499e-01 5.929411764705881938e-01 5.897435897435897578e-01 8.809523809523809312e-01 8.241758241758241343e-01 9.647355163727959759e-01
9.302325581395348708e-02 3.636363636363636465e-01 3.499999999999999778e-01 1.799999999999999933e-01 3.298969072164948391e-01 6.111111111111111605e-01 3.939393939393939226e-01 7.142857142857143016e-01 9.166666666666666297e-01 9.752066115702479054e-01
1.395348837209302306e-01 1.538461538461538547e-01 1.111111111111111049e-01 2.272727272727272652e-01 2.800000000000000266e-01 4.047619047619047672e-01 6.666666666666666297e-01 8.333333333333333703e-01 8.695652173913043237e-01 9.780219780219779890e-01
1.309523809523809590e-01 9.523809523809523281e-02 1.600000000000000033e-01 2.075471698113207641e-01 3.030303030303030387e-01 5.104166666666666297e-01 6.363636363636363535e-01 7.500000000000000000e-01 8.823529411764705621e-01 9.457364341085271464e-01
1.485849056603773533e-01 1.926605504587156070e-01 1.343283582089552231e-01 3.260869565217391353e-01 3.599088838268792445e-01 5.232273838630806528e-01 6.859504132231405427e-01 7.222222222222222099e-01 9.107142857142856984e-01 9.574898785425101089e-01
1.804123711340206160e-01 2.162162162162162282e-01 2.619047619047619180e-01 2.921348314606741492e-01 3.872437357630979515e-01 5.777777777777777235e-01 6.746987951807228434e-01 7.399999999999999911e-01 9.278350515463917869e-01 9.631336405529954403e-01
2.526315789473684292e-01 2.333333333333333370e-01 2.692307692307692180e-01 2.968750000000000000e-01 4.000000000000000222e-01 5.866666666666666696e-01 5.789473684210526550e-01 5.555555555555555802e-01 8.571428571428570953e-01 9.499999999999999556e-01
1.818181818181818232e-01 1.739130434782608647e-01 1.666666666666666574e-01 2.500000000000000000e-01 2.978723404255319007e-01 4.090909090909091161e-01 5.555555555555555802e-01 6.206896551724138122e-01 8.648648648648649129e-01 9.444444444444444198e-01
1.485148514851485080e-01 2.500000000000000000e-01 1.707317073170731836e-01 2.539682539682539542e-01 3.958333333333333148e-01 4.788732394366196909e-01 6.341463414634146423e-01 7.446808510638297518e-01 8.552631578947368363e-01 9.802631578947368363e-01
1.694444444444444531e-01 1.632653061224489666e-01 1.704545454545454419e-01 2.162162162162162282e-01 3.571428571428571508e-01 5.775656324582338907e-01 6.355140186915887446e-01 6.538461538461538547e-01 8.707482993197278587e-01 9.466950959488272810e-01
