2.312925170068027281e-01 4.000000000000000222e-01 2.307692307692307820e-01 4.375000000000000000e-01 3.172413793103448509e-01 6.818181818181817677e-01 8.000000000000000444e-01 9.000000000000000222e-01 9.411764705882352811e-01 9.050632911392405555e-01
3.333333333333333148e-01 0.000000000000000000e+00 0.000000000000000000e+00 0.000000000000000000e+00 3.783783783783783994e-01 6.875000000000000000e-01 8.181818181818182323e-01 7.500000000000000000e-01 9.230769230769231282e-01 9.393939393939394478e-01
2.142857142857142738e-01 5.999999999999999778e-01 1.428571428571428492e-01 2.999999999999999889e-01 2.857142857142856984e-01 6.999999999999999556e-01 1.000000000000000000e+00 6.666666666666666297e-01 8.333333333333333703e-01 9.615384615384615641e-01
4.418604651162790775e-01 3.333333333333333148e-01 2.000000000000000111e-01 2.500000000000000000e-01 2.678571428571428492e-01 6.666666666666666297e-01 8.125000000000000000e-01 6.923076923076922906e-01 8.888888888888888395e-01 9.399999999999999467e-01
2.934131736526945922e-01 3.275862068965517127e-01 4.166666666666666852e-01 4.166666666666666852e-01 3.668639053254437732e-01 6.689189189189189699e-01 7.045454545454545858e-01 7.619047619047618625e-01 9.354838709677418818e-01 9.144385026737967825e-01
3.402777777777777901e-01 3.333333333333333148e-01 3.529411764705882582e-01 2.941176470588235392e-01 3.586206896551724088e-01 6.474820143884891799e-01 8.846153846153845812e-01 7.647058823529411242e-01 9.032258064516128782e-01 9.570552147239264063e-01
1.562500000000000000e-01 1.818181818181818232e-01 1.666666666666666574e-01 2.222222222222222099e-01 3.333333333333333148e-01 6.571428571428571397e-01 1.000000000000000000e+00 4.285714285714285476e-01 8.333333333333333703e-01 9.285714285714286031e-01
1.176470588235294101e-01 5.000000000000000000e-01 1.111111111111111049e-01 3.125000000000000000e-01 2.692307692307692180e-01 7.391304347826086474e-01 4.285714285714285476e-01 1.000000000000000000e+00 9.230769230769231282e-01 1.000000000000000000e+00
2.999999999999999889e-01 3.333333333333333148e-01 2.999999999999999889e-01 3.750000000000000000e-01 3.750000000000000000e-01 5.853658536585365502e-01 6.999999999999999556e-01 8.947368421052631637e-01 9.333333333333333481e-01 9.423076923076922906e-01
2.429378531073446423e-01 1.000000000000000056e-01 3.448275862068965747e-01 3.484848484848485084e-01 3.879310344827586188e-01 7.191780821917808098e-01 7.906976744186046124e-01 7.368421052631578538e-01 9.622641509433962348e-01 9.390243902439023849e-01
