0.695 0.875 0.750 0.741 0.707 0.698 0.833 0.812 0.960 0.981
1.000 0.571 0.818 0.571 0.565 0.333 0.750 0.857 0.857 1.000
1.000 1.000 0.833 0.889 0.867 0.000 0.600 1.000 0.875 0.947
0.750 0.750 0.583 0.733 0.647 0.667 0.333 0.857 0.846 0.867
1.000 1.000 0.857 0.727 0.600 0.500 0.857 0.889 0.923 1.000
1.000 0.875 0.625 0.700 0.364 0.250 0.500 0.667 1.000 1.000
0.645 0.765 0.545 0.636 0.452 0.649 0.643 0.682 0.864 0.894
0.821 0.611 0.917 0.857 0.610 0.545 0.846 0.625 0.941 0.933
0.833 0.833 1.000 0.917 0.680 0.500 1.000 0.875 0.778 1.000
1.000 1.000 0.786 0.615 0.789 0.500 0.167 0.700 0.778 0.846
1.000 0.667 0.400 0.429 0.632 0.846 1.000 1.000 1.000 0.923
0.917 0.900 0.556 0.429 0.474 0.550 0.778 0.833 1.000 0.947
0.889 0.833 1.000 0.889 0.700 0.636 0.667 0.667 1.000 1.000
0.760 0.625 0.667 0.833 0.571 0.579 0.833 1.000 1.000 1.000
1.000 0.667 0.778 0.200 0.938 0.714 0.900 1.000 1.000 0.923
0.727 1.000 0.000 0.750 0.688 0.722 0.800 1.000 1.000 1.000
0.786 0.750 0.800 0.667 0.824 0.786 1.000 0.500 1.000 0.952
0.375 0.333 0.667 0.000 0.484 0.793 1.000 1.000 0.500 1.000
0.889 1.000 0.000 0.500 0.750 0.789 0.500 0.000 1.000 1.000
0.867 0.800 0.000 1.000 0.867 0.846 1.000 0.000 1.000 0.810
0.889 0.500 0.000 0.667 0.810 0.708 1.000 0.000 0.000 1.000
0.750 1.000 1.000 1.000 0.840 0.667 0.500 0.667 0.000 0.778
0.762 1.000 0.000 0.333 0.840 0.600 0.833 1.000 1.000 0.762
0.680 1.000 1.000 0.500 0.800 0.633 1.000 0.000 1.000 0.895
0.393 0.000 0.000 0.333 0.840 0.917 1.000 0.000 1.000 1.000
0.727 1.000 1.000 0.000 0.824 0.700 1.000 0.000 1.000 1.000
0.379 0.632 0.286 0.421 0.364 0.642 0.833 0.700 1.000 0.938
0.542 0.667 0.000 1.000 0.842 0.875 0.500 1.000 0.750 0.840
0.760 0.000 0.000 0.333 0.733 0.864 0.000 0.000 0.667 0.941
0.682 1.000 0.000 1.000 0.625 0.655 0.800 0.000 1.000 0.950
1.000 0.500 0.000 0.200 0.556 0.423 0.000 0.000 1.000 1.000
0.783 1.000 0.000 1.000 0.792 0.765 1.000 1.000 1.000 0.929
0.882 0.750 1.000 1.000 0.765 0.733 0.750 0.000 1.000 0.875
0.531 0.125 1.000 0.200 0.370 0.773 1.000 1.000 1.000 0.931
0.724 0.500 1.000 0.667 0.517 0.565 0.500 0.000 1.000 0.840
0.636 0.800 0.000 0.833 0.531 0.700 0.857 1.000 0.833 0.931
0.762 1.000 0.000 0.200 0.594 0.467 0.750 1.000 1.000 0.929
0.905 1.000 1.000 0.000 0.938 0.727 0.500 0.000 1.000 1.000
0.864 1.000 1.000 1.000 0.625 0.667 1.000 1.000 1.000 0.923
