0.529 0.500 0.750 0.500 0.541 0.659 0.917 1.000 0.818 0.965
0.917 0.917 0.667 0.818 0.698 0.702 0.750 1.000 0.917 1.000
0.718 0.917 0.667 0.750 0.907 0.859 0.917 0.667 0.917 0.930
0.849 0.917 1.000 0.667 0.679 0.600 0.833 0.333 1.000 0.916
0.871 0.917 0.667 0.833 0.835 0.488 0.417 0.667 0.917 0.857
0.829 0.833 0.333 0.667 0.671 0.659 0.750 1.000 1.000 0.904
0.779 0.833 1.000 0.667 0.702 0.470 0.750 0.333 0.750 0.904
0.535 0.333 0.667 0.417 0.671 0.849 0.833 1.000 1.000 0.941
0.928 1.000 1.000 0.818 0.655 0.635 1.000 0.667 1.000 1.000
0.795 0.667 0.667 0.667 0.726 0.553 0.500 1.000 0.917 0.988
0.741 0.500 0.000 0.636 0.294 0.679 0.818 1.000 0.917 0.965
0.729 0.833 0.667 1.000 0.788 0.593 0.750 0.667 0.833 0.894
0.779 0.667 1.000 0.750 0.706 0.779 0.667 1.000 0.833 0.965
0.679 0.909 0.667 0.667 0.581 0.690 0.909 0.667 1.000 0.965
0.953 0.583 0.667 0.417 0.488 0.506 0.500 0.333 0.917 0.988
0.894 0.750 0.333 1.000 0.791 0.494 0.818 0.667 0.833 0.953
0.940 0.750 0.667 0.750 0.659 0.558 0.750 0.667 0.917 0.964
0.628 0.333 0.667 0.250 0.442 0.729 0.833 1.000 0.750 0.953
0.771 0.833 0.667 0.667 0.506 0.624 0.667 0.667 1.000 0.941
0.700 0.727 1.000 0.700 0.444 0.583 0.714 1.000 0.769 0.941
0.767 0.667 0.667 0.667 0.548 0.388 0.667 1.000 0.833 0.965
0.826 0.917 1.000 0.917 0.779 0.718 0.545 0.667 1.000 0.988
0.860 1.000 1.000 1.000 0.824 0.571 0.500 1.000 0.833 0.930
