1.000 0.857 1.000 0.591 0.545 0.200 0.857 0.875 1.000 0.963
0.857 0.714 0.875 0.571 0.680 0.333 0.571 0.778 0.818 1.000
0.500 1.000 0.929 0.818 0.731 0.600 0.800 0.778 1.000 1.000
0.857 0.778 0.714 0.529 0.440 0.250 0.857 1.000 1.000 1.000
1.000 0.800 0.867 0.692 0.520 0.333 0.750 0.625 0.882 1.000
0.750 0.889 0.778 0.500 0.346 0.333 0.500 0.700 1.000 1.000
0.857 0.800 0.833 0.667 0.462 0.400 0.375 0.667 0.875 0.842
1.000 0.500 0.857 0.947 0.739 0.429 0.429 0.444 0.895 0.964
0.667 0.875 1.000 0.850 0.560 0.167 0.833 0.778 0.882 1.000
0.750 0.714 0.833 0.647 0.500 0.167 0.222 0.714 0.733 0.875
