1.000 0.933 1.000 0.694 0.667 0.333 0.625 0.696 0.951 0.969
0.933 0.933 0.818 0.750 0.755 0.308 0.588 0.731 0.816 0.964
0.857 1.000 0.923 0.881 0.754 0.692 0.706 0.700 0.909 0.982
0.750 0.714 0.762 0.622 0.644 0.500 0.632 0.846 0.947 0.983
1.000 0.824 0.889 0.725 0.662 0.286 0.600 0.640 0.973 0.964
0.900 1.000 0.880 0.643 0.593 0.455 0.688 0.704 0.950 0.983
0.800 0.812 0.931 0.786 0.560 0.000 0.389 0.652 0.854 0.939
1.000 0.667 0.960 0.946 0.815 0.182 0.312 0.478 0.767 0.914
0.600 0.812 0.920 0.842 0.660 0.667 0.611 0.692 0.884 1.000
0.917 0.737 0.800 0.694 0.589 0.273 0.588 0.696 0.697 0.857
