0.873 0.810 0.884 0.661 0.694 0.458 0.596 0.821 0.938 0.982
0.933 0.933 0.818 0.750 0.755 0.308 0.588 0.731 0.816 0.964
0.857 1.000 0.923 0.881 0.754 0.692 0.706 0.700 0.909 0.982
0.750 0.714 0.762 0.622 0.644 0.500 0.632 0.846 0.947 0.983
1.000 0.824 0.889 0.725 0.662 0.286 0.600 0.640 0.973 0.964
0.900 1.000 0.880 0.643 0.593 0.455 0.688 0.704 0.950 0.983
0.795 0.767 0.821 0.628 0.442 0.513 0.471 0.700 0.873 0.955
0.920 0.800 0.946 0.909 0.677 0.255 0.364 0.457 0.770 0.935
0.600 0.812 0.920 0.842 0.660 0.667 0.611 0.692 0.884 1.000
0.917 0.737 0.800 0.694 0.589 0.273 0.588 0.696 0.697 0.857
0.961 0.950 0.692 0.611 0.409 0.750 0.900 0.750 0.895 0.980
0.897 0.667 0.778 0.895 0.386 0.405 0.588 0.833 1.000 0.956
0.935 0.950 0.933 0.765 0.778 0.365 0.600 1.000 0.947 0.979
0.897 0.882 0.733 0.700 0.600 0.419 0.350 0.500 0.833 0.977
0.911 0.800 0.556 0.810 0.660 0.408 0.562 0.882 0.842 1.000
0.923 0.864 0.933 0.913 0.816 0.596 0.818 0.786 0.905 0.978
0.896 0.833 0.727 0.810 0.723 0.447 0.400 0.533 0.905 0.976
0.590 0.667 1.000 0.667 0.574 0.589 0.857 1.000 0.889 0.951
0.924 0.900 0.667 0.889 0.677 0.677 0.800 1.000 0.889 1.000
0.686 1.000 0.667 0.700 0.915 0.861 0.900 0.667 0.909 0.969
0.831 1.000 1.000 0.667 0.635 0.557 0.750 0.500 1.000 0.894
0.908 0.900 0.500 0.750 0.833 0.419 0.375 0.000 0.917 0.879
0.852 0.818 0.333 0.778 0.600 0.671 0.667 1.000 1.000 0.952
0.820 0.714 1.000 0.750 0.661 0.377 0.700 1.000 0.667 0.906
0.603 0.400 0.667 0.444 0.600 0.823 0.778 1.000 1.000 0.922
0.958 1.000 1.000 0.818 0.612 0.615 1.000 1.000 1.000 1.000
0.758 0.333 0.267 0.381 0.295 0.617 0.882 1.000 0.815 0.915
0.803 0.889 0.667 1.000 0.773 0.529 0.800 0.500 0.875 0.917
0.787 0.727 1.000 0.889 0.700 0.750 0.667 1.000 0.889 0.971
0.677 0.900 1.000 0.500 0.565 0.709 1.000 0.667 1.000 0.969
0.935 0.625 1.000 0.571 0.458 0.544 0.545 0.500 0.857 0.983
0.935 0.727 0.333 1.000 0.790 0.424 0.778 0.500 0.714 0.958
0.955 0.750 0.500 0.667 0.632 0.464 0.750 0.667 0.900 0.985
0.685 0.750 0.500 0.286 0.475 0.714 0.778 1.000 0.667 0.964
0.796 0.900 0.500 0.667 0.500 0.645 0.700 0.667 1.000 0.983
0.745 0.667 1.000 0.500 0.388 0.519 0.571 0.000 0.714 0.946
0.769 0.600 0.667 1.000 0.519 0.345 0.625 0.000 0.714 0.983
0.800 0.889 1.000 0.917 0.743 0.716 0.556 0.667 1.000 0.986
0.859 1.000 1.000 1.000 0.870 0.551 0.400 1.000 0.778 0.933
