0.600 1.000 0.333 0.800 0.462 0.667 0.857 1.000 0.889 0.938
0.792 0.636 1.000 0.714 0.522 0.471 1.000 0.600 0.875 0.926
0.615 0.667 0.375 0.455 0.263 0.724 0.700 0.818 0.909 0.920
1.000 0.667 0.400 0.429 0.632 0.846 1.000 1.000 1.000 0.923
0.917 0.900 0.556 0.429 0.474 0.550 0.778 0.833 1.000 0.947
0.889 0.833 1.000 0.889 0.700 0.636 0.667 0.667 1.000 1.000
0.760 0.625 0.667 0.833 0.571 0.579 0.833 1.000 1.000 1.000
1.000 0.667 0.778 0.200 0.938 0.714 0.900 1.000 1.000 0.923
0.727 1.000 0.000 0.750 0.688 0.722 0.800 1.000 1.000 1.000
0.786 0.750 0.800 0.667 0.824 0.786 1.000 0.500 1.000 0.952
