1.000 1.000 1.000 0.875 0.731 0.500 0.667 0.692 1.000 1.000
1.000 0.889 0.750 0.762 0.458 0.250 0.714 0.733 0.857 1.000
1.000 1.000 0.900 0.889 0.846 0.500 0.500 0.647 0.933 0.958
0.500 0.750 0.600 0.647 0.680 0.714 0.500 0.917 0.900 0.909
1.000 0.833 1.000 0.700 0.682 0.500 0.500 0.647 1.000 0.955
1.000 1.000 0.667 0.600 0.545 0.333 0.625 0.636 1.000 0.964
0.667 1.000 1.000 0.789 0.545 0.000 0.250 0.778 0.895 1.000
1.000 1.000 0.938 0.867 0.808 0.250 0.429 0.615 0.895 0.800
0.857 1.000 0.944 0.833 0.739 0.667 0.600 0.643 0.842 1.000
1.000 0.750 0.846 0.769 0.593 0.200 0.800 0.545 0.533 0.793
