0.938 0.905 1.000 0.686 0.716 0.400 0.667 0.706 0.962 0.973
0.938 0.818 0.818 0.725 0.697 0.312 0.619 0.758 0.827 0.974
0.867 1.000 0.906 0.882 0.776 0.600 0.682 0.735 0.904 0.974
0.750 0.727 0.697 0.654 0.645 0.562 0.591 0.848 0.922 0.959
1.000 0.864 0.882 0.725 0.653 0.312 0.682 0.706 0.960 0.973
0.938 0.955 0.818 0.654 0.526 0.400 0.636 0.697 0.962 0.986
0.800 0.857 0.938 0.760 0.575 0.214 0.409 0.618 0.846 0.915
1.000 0.636 0.933 0.941 0.792 0.375 0.381 0.529 0.808 0.921
0.688 0.818 0.938 0.860 0.667 0.625 0.682 0.735 0.865 1.000
0.933 0.783 0.794 0.673 0.640 0.333 0.478 0.697 0.725 0.853
