0.441 0.333 0.500 0.250 0.478 0.667 1.000 1.000 0.500 0.931
0.958 1.000 1.000 0.750 0.615 0.727 0.600 1.000 1.000 1.000
0.724 1.000 1.000 0.714 0.867 0.931 1.000 0.000 1.000 0.931
0.909 1.000 1.000 0.500 0.677 0.586 1.000 0.000 1.000 0.967
0.920 1.000 0.000 0.800 0.786 0.517 0.250 0.000 1.000 0.897
0.690 0.000 0.500 0.000 0.514 0.667 1.000 0.000 1.000 0.929
0.824 1.000 1.000 0.600 0.759 0.391 0.750 0.333 0.500 0.964
0.571 0.250 0.000 0.000 0.821 0.844 1.000 1.000 1.000 0.897
0.968 1.000 1.000 1.000 0.667 0.618 1.000 1.000 1.000 1.000
0.759 0.500 1.000 0.600 0.769 0.583 1.000 1.000 1.000 0.958
0.615 0.667 0.000 1.000 0.192 0.607 1.000 1.000 0.857 1.000
0.613 1.000 0.000 1.000 0.727 0.480 0.800 0.000 0.857 0.933
0.744 1.000 1.000 0.667 0.714 0.833 0.250 1.000 1.000 1.000
0.680 1.000 0.000 0.667 0.639 0.696 1.000 0.500 1.000 0.967
0.935 0.400 0.000 0.000 0.323 0.632 0.600 0.000 1.000 0.968
0.875 0.750 0.000 1.000 0.848 0.458 1.000 0.000 0.667 1.000
0.920 0.750 0.500 0.333 0.571 0.515 0.600 0.500 0.800 1.000
0.677 0.200 0.000 0.000 0.486 0.808 1.000 0.000 1.000 0.964
0.667 1.000 1.000 0.667 0.720 0.579 0.333 1.000 1.000 0.885
0.760 0.833 1.000 0.750 0.583 0.591 0.833 1.000 0.667 0.966
0.850 1.000 1.000 0.750 0.440 0.361 0.500 0.000 1.000 0.967
0.818 1.000 1.000 0.800 0.724 0.710 0.000 1.000 1.000 1.000
0.917 1.000 0.000 1.000 0.720 0.636 0.667 0.000 0.833 0.929
