0.593 0.750 1.000 0.667 0.800 0.724 0.667 0.000 0.667 0.969
0.939 0.857 0.000 1.000 0.824 0.800 0.800 1.000 1.000 1.000
0.875 1.000 1.000 1.000 1.000 0.821 0.857 0.500 1.000 0.889
0.848 1.000 1.000 0.750 0.769 0.621 0.333 0.500 1.000 0.762
0.739 0.667 0.667 1.000 0.960 0.571 0.500 0.000 0.750 0.811
0.889 1.000 0.000 1.000 0.955 0.700 0.667 1.000 1.000 0.833
0.630 0.750 1.000 0.500 0.731 0.500 1.000 0.000 0.714 0.857
0.560 0.333 1.000 0.500 0.625 0.903 0.500 1.000 1.000 0.966
0.920 1.000 1.000 1.000 0.826 0.636 1.000 0.000 1.000 1.000
0.889 0.750 1.000 0.800 0.821 0.500 0.600 1.000 0.000 1.000
0.615 0.333 0.000 0.500 0.533 0.692 0.667 1.000 1.000 0.935
0.808 1.000 1.000 1.000 0.938 0.633 1.000 0.667 1.000 0.862
0.706 0.500 1.000 1.000 0.741 0.727 0.800 0.000 0.833 0.938
0.781 0.800 1.000 0.667 0.783 0.724 1.000 1.000 1.000 0.964
0.920 0.750 0.000 0.500 0.636 0.414 0.250 0.500 1.000 1.000
0.870 1.000 0.500 1.000 0.774 0.483 0.667 0.500 1.000 0.900
1.000 1.000 0.000 1.000 0.815 0.607 0.667 0.000 1.000 0.926
0.692 0.250 0.000 0.500 0.423 0.765 1.000 1.000 0.800 0.964
0.929 0.800 0.500 0.667 0.419 0.667 0.750 0.000 1.000 0.968
0.700 0.500 1.000 0.750 0.455 0.556 1.000 0.000 0.750 0.880
0.765 0.500 0.000 0.333 0.560 0.444 0.667 1.000 0.500 0.939
0.880 0.800 1.000 1.000 0.886 0.684 0.500 0.000 1.000 0.971
0.839 1.000 1.000 1.000 0.968 0.500 0.667 1.000 1.000 0.900
