0.590 0.667 1.000 0.667 0.574 0.589 0.857 1.000 0.889 0.951
0.924 0.900 0.667 0.889 0.677 0.677 0.800 1.000 0.889 1.000
0.686 1.000 0.667 0.700 0.915 0.861 0.900 0.667 0.909 0.969
0.831 1.000 1.000 0.667 0.635 0.557 0.750 0.500 1.000 0.894
0.908 0.900 0.500 0.750 0.833 0.419 0.375 0.000 0.917 0.879
0.852 0.818 0.333 0.778 0.600 0.671 0.667 1.000 1.000 0.952
0.820 0.714 1.000 0.750 0.661 0.377 0.700 1.000 0.667 0.906
0.603 0.400 0.667 0.444 0.600 0.823 0.778 1.000 1.000 0.922
0.958 1.000 1.000 0.818 0.612 0.615 1.000 1.000 1.000 1.000
0.843 0.700 0.667 0.600 0.726 0.492 0.500 1.000 0.857 0.982
0.865 0.333 0.000 0.667 0.246 0.695 0.778 0.000 0.875 0.939
0.803 0.889 0.667 1.000 0.773 0.529 0.800 0.500 0.875 0.917
0.787 0.727 1.000 0.889 0.700 0.750 0.667 1.000 0.889 0.971
0.677 0.900 1.000 0.500 0.565 0.709 1.000 0.667 1.000 0.969
0.935 0.625 1.000 0.571 0.458 0.544 0.545 0.500 0.857 0.983
0.935 0.727 0.333 1.000 0.790 0.424 0.778 0.500 0.714 0.958
0.955 0.750 0.500 0.667 0.632 0.464 0.750 0.667 0.900 0.985
0.685 0.750 0.500 0.286 0.475 0.714 0.778 1.000 0.667 0.964
0.796 0.900 0.500 0.667 0.500 0.645 0.700 0.667 1.000 0.983
0.745 0.667 1.000 0.500 0.388 0.519 0.571 0.000 0.714 0.946
0.769 0.600 0.667 1.000 0.519 0.345 0.625 0.000 0.714 0.983
0.800 0.889 1.000 0.917 0.743 0.716 0.556 0.667 1.000 0.986
0.859 1.000 1.000 1.000 0.870 0.551 0.400 1.000 0.778 0.933
