0.881 0.765 0.692 0.625 0.681 0.444 0.632 1.000 0.941 1.000
0.895 0.933 1.000 0.833 0.487 0.273 0.412 0.417 0.778 0.971
0.794 0.714 0.500 0.333 0.311 0.606 0.562 0.857 0.929 0.974
0.961 0.950 0.692 0.611 0.409 0.750 0.900 0.750 0.895 0.980
0.897 0.667 0.778 0.895 0.386 0.405 0.588 0.833 1.000 0.956
0.935 0.950 0.933 0.765 0.778 0.365 0.600 1.000 0.947 0.979
0.897 0.882 0.733 0.700 0.600 0.419 0.350 0.500 0.833 0.977
0.911 0.800 0.556 0.810 0.660 0.408 0.562 0.882 0.842 1.000
0.923 0.864 0.933 0.913 0.816 0.596 0.818 0.786 0.905 0.978
0.896 0.833 0.727 0.810 0.723 0.447 0.400 0.533 0.905 0.976
