0.375 0.333 0.667 0.000 0.484 0.793 1.000 1.000 0.500 1.000
0.889 1.000 0.000 0.500 0.750 0.789 0.500 0.000 1.000 1.000
0.867 0.800 0.000 1.000 0.867 0.846 1.000 0.000 1.000 0.810
0.889 0.500 0.000 0.667 0.810 0.708 1.000 0.000 0.000 1.000
0.750 1.000 1.000 1.000 0.840 0.667 0.500 0.667 0.000 0.778
0.762 1.000 0.000 0.333 0.840 0.600 0.833 1.000 1.000 0.762
0.680 1.000 1.000 0.500 0.800 0.633 1.000 0.000 1.000 0.895
0.393 0.000 0.000 0.333 0.840 0.917 1.000 0.000 1.000 1.000
0.727 1.000 1.000 0.000 0.824 0.700 1.000 0.000 1.000 1.000
0.719 0.500 0.000 1.000 0.727 0.727 0.000 1.000 1.000 1.000
0.545 0.667 0.000 0.600 0.417 0.640 1.000 1.000 1.000 1.000
0.542 0.667 0.000 1.000 0.842 0.875 0.500 1.000 0.750 0.840
0.760 0.000 0.000 0.333 0.733 0.864 0.000 0.000 0.667 0.941
0.682 1.000 0.000 1.000 0.625 0.655 0.800 0.000 1.000 0.950
1.000 0.500 0.000 0.200 0.556 0.423 0.000 0.000 1.000 1.000
0.783 1.000 0.000 1.000 0.792 0.765 1.000 1.000 1.000 0.929
0.882 0.750 1.000 1.000 0.765 0.733 0.750 0.000 1.000 0.875
0.531 0.125 1.000 0.200 0.370 0.773 1.000 1.000 1.000 0.931
0.724 0.500 1.000 0.667 0.517 0.565 0.500 0.000 1.000 0.840
0.636 0.800 0.000 0.833 0.531 0.700 0.857 1.000 0.833 0.931
0.762 1.000 0.000 0.200 0.594 0.467 0.750 1.000 1.000 0.929
0.905 1.000 1.000 0.000 0.938 0.727 0.500 0.000 1.000 1.000
0.864 1.000 1.000 1.000 0.625 0.667 1.000 1.000 1.000 0.923
