0.583 0.500 1.000 0.600 0.344 0.586 1.000 1.000 1.000 1.000
0.852 1.000 0.000 0.750 0.615 0.577 1.000 0.000 0.800 1.000
0.594 0.750 0.000 0.750 0.810 0.821 1.000 1.000 0.833 0.967
0.806 0.800 1.000 0.500 0.593 0.593 1.000 0.000 1.000 0.969
0.919 1.000 0.000 0.750 0.781 0.379 0.500 0.667 1.000 0.889
0.923 0.714 0.000 0.500 0.654 0.607 0.750 1.000 1.000 0.960
0.880 0.833 0.000 1.000 0.621 0.500 0.600 0.000 1.000 0.889
0.500 1.000 0.000 1.000 0.560 0.783 0.875 0.000 1.000 0.963
0.889 1.000 0.000 0.600 0.550 0.667 1.000 0.000 1.000 1.000
0.741 0.750 0.000 0.500 0.600 0.565 0.333 1.000 0.875 1.000
0.939 0.667 0.000 0.000 0.138 0.733 0.500 0.000 1.000 0.963
0.786 0.600 1.000 1.000 0.677 0.645 0.500 0.000 0.500 0.885
0.867 0.500 0.000 0.000 0.652 0.793 1.000 1.000 0.750 0.971
0.556 1.000 0.000 0.667 0.333 0.656 0.857 0.000 1.000 0.963
1.000 0.667 0.667 0.750 0.500 0.514 0.667 0.000 0.833 1.000
0.921 0.600 0.000 1.000 0.727 0.533 0.833 1.000 1.000 0.960
0.880 0.500 1.000 0.833 0.595 0.560 1.000 1.000 1.000 0.960
0.517 0.667 1.000 0.200 0.400 0.600 0.667 1.000 0.667 0.931
0.706 0.667 0.000 0.667 0.414 0.652 0.800 0.000 1.000 0.964
0.640 0.667 0.000 0.500 0.292 0.615 0.500 0.000 1.000 0.968
0.719 0.600 0.000 1.000 0.618 0.364 0.800 1.000 0.833 1.000
0.786 1.000 1.000 1.000 0.682 0.743 0.750 1.000 1.000 1.000
0.839 1.000 0.000 1.000 0.759 0.560 0.333 1.000 0.800 0.964
