0.857 0.833 1.000 0.667 0.826 0.667 0.800 0.727 1.000 1.000
1.000 0.571 0.818 0.571 0.565 0.333 0.750 0.857 0.857 1.000
1.000 1.000 0.833 0.889 0.867 0.000 0.600 1.000 0.875 0.947
0.750 0.750 0.583 0.733 0.647 0.667 0.333 0.857 0.846 0.867
1.000 1.000 0.857 0.727 0.600 0.500 0.857 0.889 0.923 1.000
1.000 0.875 0.625 0.700 0.364 0.250 0.500 0.667 1.000 1.000
0.800 1.000 1.000 0.727 0.609 0.375 0.500 0.545 0.818 0.864
1.000 0.571 0.800 0.929 0.722 0.800 0.600 0.636 1.000 0.944
0.833 0.833 1.000 0.917 0.680 0.500 1.000 0.875 0.778 1.000
1.000 1.000 0.786 0.615 0.789 0.500 0.167 0.700 0.778 0.846
