0.889 0.889 1.000 0.615 0.846 0.500 0.400 0.615 0.882 0.963
1.000 0.833 0.769 0.812 0.926 0.333 0.571 0.778 0.800 0.931
1.000 1.000 0.875 0.909 0.750 0.750 0.667 0.875 0.765 0.970
0.800 0.600 0.778 0.778 0.808 0.600 0.429 0.600 0.867 0.967
1.000 0.909 0.800 0.778 0.750 0.200 0.833 0.889 1.000 0.960
1.000 1.000 1.000 0.810 0.679 0.667 0.750 0.750 0.895 1.000
1.000 0.857 0.917 0.846 0.720 0.200 0.500 0.462 0.765 0.889
1.000 0.500 1.000 1.000 0.826 0.400 0.286 0.500 0.571 0.964
0.500 0.750 0.667 0.889 0.704 1.000 0.667 0.818 0.875 1.000
1.000 0.875 0.667 0.632 0.833 0.750 0.556 0.875 0.857 0.909
